6083  6191.447  L
2.086
2.778
3.856
4.481
7.763
13.096
13.117
13.118
13.724
13.731
13.759
13.76
14.126
14.505
15.495
22.056
29.786
77.875
83.307
83.633
83.851
85.07
85.56
86.676
86.744
87.084
87.275
88.617
90.453
92.848
95.936
96.722
96.77
96.791
96.804
96.83
96.85
96.891
96.892
96.898
96.91
96.975
97.008
97.281
97.651
97.652
97.699
97.858
97.861
97.952
97.966
100.196
100.22
100.34
106.795
106.85
106.959
107.535
108.247
108.437
108.439
108.471
108.925
111.027
111.028
111.192
111.195
112.319
112.406
112.428
112.449
114.189
114.236
114.261
114.759
115.5
115.78
115.783
116.863
116.886
116.973
117.245
117.377
117.39
117.411
117.684
117.731
117.766
118.179
118.184
118.258
118.818
118.857
119.381
119.385
119.489
119.49
119.51
119.597
119.881
119.901
119.905
119.94
120.236
121.467
121.842
121.941
122.114
122.118
122.134
122.743
124.033
124.052
125.691
130.945
131.027
131.263
131.29
131.292
134.121
148.362
149.354
149.576
149.61
150.892
152.464
152.933
153.109
153.11
153.111
156.593
157.559
157.568
158.965
159.197
161.996
162.757
162.781
163.841
164.403
174.442
175.011
177.759
179.187
179.545
179.968
179.969
180.912
182.863
184.086
184.216
184.238
184.244
184.402
184.404
184.449
184.896
184.897
185.287
185.334
185.422
185.66
185.752
185.869
187.115
187.182
187.205
187.231
187.246
187.249
189.019
189.275
189.288
189.704
189.746
190.208
192.48
192.616
192.684
192.871
193.049
193.084
193.089
193.171
193.182
193.22
193.221
193.247
193.447
193.451
194.253
194.306
195.468
197.057
197.651
201.01
201.013
201.572
201.648
201.705
202.731
202.806
202.81
203.13
203.936
204.3
204.467
204.758
205.384
205.393
205.409
205.951
206.839
206.903
206.994
206.995
207.252
209.936
210.033
210.55
212.907
214.455
215.783
217.752
217.989
217.99
218.767
237.164
237.408
239.21
239.244
239.263
239.412
239.482
239.782
239.98
240.076
241.588
241.718
241.912
241.987
242.323
244.703
244.783
254.554
254.604
258.307
259.341
259.962
261.866
261.942
262.877
262.912
262.932
267.78
270.618
270.657
270.66
270.667
275.57
281.061
281.074
281.137
283.946
284.054
285.074
285.085
285.167
287.481
287.879
289.579
292.515
292.565
294.41
294.421
295.409
295.491
295.544
295.545
297.539
297.957
298.024
298.025
298.089
299.1
300.135
304.708
304.879
304.881
305.885
320.177
320.211
320.366
321.649
321.728
326.671
326.705
328.775
336.936
337.416
337.494
337.827
337.832
337.911
339.531
339.799
339.861
339.877
340.828
341.216
342.814
345.655
347.454
349.703
351.156
354.981
356.781
356.787
356.863
356.888
357.14
357.87
358.303
361.886
365.212
366.025
367.246
367.507
370.737
371.952
374.488
375.885
376.348
378.289
379.224
379.406
379.447
380.694
380.695
386.154
389.155
389.472
389.9
390.006
391.248
391.255
391.312
392.148
392.641
394.355
395.676
396.814
399.899
400.103
405.275
405.341
408.779
409.853
409.879
409.986
416.517
418.62
419.183
419.575
419.6
419.601
419.618
419.627
420.891
420.892
421.126
421.273
421.372
421.381
421.423
421.507
422.873
422.939
426.338
426.483
426.617
427.465
427.841
427.876
429.834
429.851
429.879
435.564
435.723
437.515
437.537
440.153
442.954
444.314
446.668
446.669
448.93
450.991
453.582
460.465
467.864
469.932
470.372
471.194
473.474
473.64
476.383
476.774
476.892
476.953
477.395
489.747
490.787
490.788
490.862
493.95
496.999
497.002
497.626
497.682
503.034
503.047
503.048
503.113
504.676
504.68
506.205
507.257
509.772
512.944
513.013
513.027
513.028
513.031
513.389
513.847
514.176
517.495
517.539
517.583
517.7
518.291
518.741
518.89
518.891
519.009
519.033
519.775
521.218
521.687
524.628
524.681
526.128
526.143
526.188
528.882
528.9
529.341
529.817
529.82
529.894
529.916
529.964
530.117
530.138
530.143
530.29
530.297
530.302
530.58
530.709
530.718
530.802
530.875
530.909
532.976
534.936
537.638
537.984
538.613
538.805
539.237
539.871
539.942
540.774
540.794
540.795
540.871
541.494
541.503
541.871
541.981
542.407
547.206
547.27
547.391
547.802
549.671
549.768
549.805
550.914
554.515
554.526
569.938
570.033
570.624
570.652
573.421
581.233
583.034
583.058
583.719
583.783
583.856
584.242
584.29
584.297
584.318
584.339
584.34
584.41
584.435
584.486
584.75
584.917
584.92
584.927
584.93
584.946
586.267
586.602
586.625
586.672
586.68
587.531
587.57
587.591
587.604
588.47
588.492
588.544
588.552
588.566
588.567
589.098
589.103
589.366
590.267
592.616
592.866
593.341
593.446
593.47
593.506
597.389
597.63
602.302
602.494
604.468
604.601
604.646
606.157
606.254
607.227
608.768
608.984
610.891
610.892
610.893
610.898
616.729
616.738
616.778
616.79
616.86
616.893
618.341
619.967
621.185
624.459
624.468
624.582
625.462
625.618
627.25
627.315
630.754
633.095
633.536
633.607
633.61
633.686
635.405
635.407
636.401
637.363
637.883
638.179
639.841
640.242
640.369
640.749
640.894
640.985
642.825
643.336
643.428
644.066
644.154
644.161
644.168
644.349
644.614
648.282
648.288
648.394
651.128
651.694
653.384
654.019
661.066
662.851
662.861
664.886
668.818
670.145
671.747
673.947
674.259
674.308
675.841
676.67
676.684
676.761
676.767
677.311
678.138
681.09
681.929
684.103
684.109
684.174
685.074
685.481
687.979
688.02
688.514
689.117
689.169
692.513
697.99
702.587
711.095
711.594
715.887
716.75
719.141
723.963
724.077
725.438
728.377
728.378
728.385
728.409
728.424
728.427
728.461
728.474
731.792
731.915
733.35
733.351
734.817
734.954
736.128
738.404
738.42
738.425
738.435
738.903
738.988
739.078
742.858
743.654
743.727
743.743
743.757
743.793
743.814
743.821
743.859
744.552
744.555
744.572
744.59
744.606
744.626
746.619
749.944
761.49
761.499
761.508
762.797
762.853
764.671
767.12
770.727
771.456
771.998
772.167
772.365
772.39
772.396
772.927
775.199
778.366
778.594
778.815
780.04
780.316
780.51
781.385
781.75
782.161
784.119
787.02
787.03
787.3
787.769
790.286
790.756
795.462
795.689
795.735
796.134
796.323
796.335
796.376
797.75
797.786
797.804
797.807
797.885
798.68
798.823
798.836
798.965
810.026
810.426
810.447
811.293
811.322
811.346
811.4
812.49
813.166
815.638
816.256
816.258
816.268
816.314
816.315
821.609
821.698
821.896
822.531
822.623
822.98
824.531
824.765
826.585
827.245
831.094
831.271
834.352
836.085
837.112
837.113
839.215
841.386
841.396
842.964
849.197
849.2
849.29
849.358
850.062
850.071
850.108
850.559
850.571
850.594
850.628
851.978
858.299
859.599
860.857
860.858
861.689
865.604
868.565
868.659
870.999
871
871.234
875.74
879.131
879.172
879.184
879.213
879.73
879.749
879.75
879.801
879.831
881.42
882.048
886.269
886.703
886.968
887.074
889.018
889.863
889.954
890.134
890.618
892.39
892.774
892.929
892.938
892.95
893.159
893.16
893.17
893.198
893.204
893.3
893.372
893.403
899.489
900.493
901.003
901.527
903.9
905.56
905.741
906.901
906.969
906.982
909.71
910.559
910.566
910.583
910.788
910.79
911.26
911.642
911.718
912.853
913.709
913.743
913.774
914.553
914.74
914.743
915.288
915.295
915.309
915.339
915.388
916.622
917.084
917.09
918.189
918.199
918.214
918.218
918.699
920.104
928.76
928.766
928.795
928.808
928.849
928.854
928.91
928.922
929.166
929.19
930.975
934.306
934.979
945.225
945.497
951.663
954.778
954.819
973.887
977.308
983.199
988.23
988.408
989.743
990.097
990.385
990.46
990.878
992.872
998.552
1010.97
1015.232
1017.953
1020.262
1020.533
1023.455
1024.679
1025.584
1026.199
1027.776
1029.212
1031.168
1031.307
1033.268
1033.269
1033.273
1033.277
1035.988
1035.993
1041.894
1043.795
1043.874
1044.524
1044.57
1044.599
1047.875
1049.553
1049.571
1049.742
1049.785
1049.8
1049.801
1054.729
1055.691
1055.702
1056.629
1056.665
1058.709
1058.716
1061.414
1061.541
1063.769
1063.784
1064.684
1064.695
1064.719
1067.353
1068.859
1068.917
1072.162
1073.281
1075.355
1075.459
1075.508
1075.512
1076.245
1076.246
1076.263
1076.279
1076.307
1077.251
1077.299
1078.166
1083.753
1085.485
1087.905
1088.294
1089.34
1093.054
1093.129
1096.428
1096.688
1096.719
1098.424
1100.234
1101.632
1104.574
1104.588
1105.058
1105.696
1105.698
1105.705
1106.191
1108.039
1109.143
1109.156
1109.381
1112.526
1113.884
1113.885
1115.107
1116.516
1117.431
1119.003
1119.084
1119.261
1119.319
1119.382
1119.697
1119.722
1119.731
1122.194
1122.246
1122.271
1122.726
1123.919
1128.256
1138.581
1140.834
1145.069
1145.177
1148.415
1148.538
1148.579
1148.638
1151.337
1151.338
1153.458
1153.527
1153.738
1155.666
1158.293
1159.472
1160.22
1160.397
1160.401
1160.47
1160.486
1160.635
1160.737
1162.838
1163.053
1168.852
1168.858
1169.493
1169.515
1169.94
1169.946
1170.188
1170.774
1170.832
1171.334
1171.343
1171.646
1171.676
1172.288
1172.475
1172.495
1172.907
1176.484
1178.828
1178.84
1182.867
1183.056
1185.395
1186.397
1186.445
1186.536
1188.52
1195.833
1198.493
1198.62
1198.897
1199.569
1200.079
1200.084
1200.152
1200.899
1200.936
1200.941
1200.943
1201.043
1201.064
1201.141
1201.162
1201.171
1201.493
1202.976
1202.979
1202.98
1202.998
1203
1203.008
1203.013
1207.497
1207.842
1208.086
1208.583
1209.244
1210.466
1216.022
1216.387
1216.494
1216.506
1219.086
1219.148
1219.247
1219.266
1219.313
1222.209
1222.228
1222.25
1224.289
1224.397
1224.987
1224.997
1224.998
1225.051
1225.099
1225.12
1225.122
1225.693
1229.345
1229.448
1232.922
1232.923
1232.947
1235.071
1235.139
1235.465
1242.178
1242.305
1242.307
1242.389
1243.631
1243.855
1244.622
1245.485
1248.457
1251.289
1251.823
1253.253
1256.56
1256.599
1261.497
1262.096
1262.881
1265.598
1271.826
1271.87
1271.875
1271.877
1271.879
1271.893
1272.232
1275.17
1275.394
1276.155
1276.828
1277.476
1277.491
1277.654
1279.045
1280.148
1280.453
1280.905
1281.618
1281.752
1283.942
1284.467
1285.007
1285.309
1285.807
1296.682
1298.256
1299.03
1299.127
1299.164
1299.247
1299.345
1299.382
1299.545
1299.796
1310.214
1310.237
1311.259
1314.084
1314.087
1314.097
1314.157
1314.163
1314.178
1314.191
1314.307
1314.753
1315.026
1315.166
1315.17
1315.201
1315.205
1315.276
1315.291
1315.46
1316.701
1316.8
1316.801
1316.806
1321.963
1321.972
1322.038
1322.678
1322.998
1323.334
1325.639
1325.953
1326.056
1327.636
1327.721
1331.576
1332.601
1336.856
1337.254
1337.339
1337.611
1337.885
1339.91
1339.917
1339.923
1340.103
1340.104
1340.109
1340.937
1341.137
1341.668
1341.672
1341.673
1343.306
1343.351
1343.377
1345.453
1345.698
1346.408
1346.422
1346.442
1346.496
1346.869
1351.78
1351.874
1352.872
1352.873
1355.164
1356.9
1357.2
1357.232
1357.255
1357.544
1357.595
1357.6
1357.614
1358.876
1360.639
1367.893
1376.975
1382.073
1382.093
1382.202
1382.203
1384.887
1384.89
1385.667
1389.308
1389.328
1389.351
1389.358
1393.984
1393.987
1395.631
1395.682
1395.713
1398.852
1399.552
1399.883
1399.951
1400.216
1401.285
1402.045
1402.241
1402.249
1403.262
1403.289
1403.345
1403.49
1404.315
1404.753
1404.757
1404.791
1405.046
1405.958
1405.989
1406.145
1408.777
1408.879
1408.915
1409.083
1413.928
1414.4
1416.013
1416.174
1416.409
1419.142
1420.738
1421.304
1422.341
1423.69
1423.72
1423.733
1424.504
1425.284
1425.352
1435.708
1435.76
1435.763
1435.771
1435.919
1435.92
1436.986
1438.051
1438.126
1438.146
1438.232
1438.296
1438.306
1438.59
1438.671
1441.94
1450.061
1450.063
1450.112
1450.116
1450.127
1452.652
1452.753
1452.768
1452.796
1453.918
1457.365
1457.385
1457.401
1457.447
1457.455
1457.877
1457.904
1458.25
1458.871
1459.992
1460.268
1460.348
1460.615
1463.573
1468.679
1470.882
1470.952
1471.457
1471.891
1472.759
1480.694
1480.713
1483.095
1483.161
1483.299
1484.87
1486.982
1487.355
1488.14
1488.241
1488.789
1489.805
1496.322
1497.038
1500.747
1501.58
1504.519
1506.187
1508.438
1508.46
1508.498
1508.541
1510.268
1511.739
1513.684
1513.714
1513.722
1513.884
1518.128
1518.581
1520.115
1527.359
1529.024
1529.789
1529.937
1530.764
1532.869
1532.899
1533.379
1536.204
1536.224
1536.271
1536.273
1536.31
1537.183
1537.25
1537.345
1537.443
1537.484
1537.513
1537.534
1537.54
1537.541
1539.376
1539.88
1540.426
1540.531
1540.536
1544.688
1544.841
1546.095
1547.906
1548.055
1548.114
1551.774
1551.968
1557.223
1557.227
1560.334
1560.593
1560.667
1562.551
1564.693
1566.064
1567.289
1567.29
1567.312
1568.941
1568.949
1569.002
1570.097
1570.56
1570.587
1571.482
1571.494
1571.6
1574.457
1574.667
1576.068
1577.952
1578.608
1579.994
1581.542
1582.174
1583.645
1584.953
1590.117
1590.136
1590.188
1590.385
1591.543
1591.582
1591.863
1592.033
1592.996
1593.106
1594.225
1594.344
1595.146
1595.152
1595.172
1598.334
1600.417
1600.844
1601.422
1601.802
1601.979
1603.122
1607.674
1607.864
1607.894
1609.381
1609.398
1609.399
1609.426
1609.438
1612.058
1612.089
1612.148
1612.157
1612.299
1614.144
1615.999
1617.328
1617.344
1617.401
1617.512
1618.181
1618.601
1619.674
1619.868
1619.87
1620.337
1626.284
1627.443
1628.097
1628.262
1628.288
1630.703
1630.765
1630.78
1630.942
1630.955
1630.984
1634.544
1639.457
1640.664
1641.154
1641.204
1641.231
1642.816
1644.094
1646.791
1646.794
1646.829
1649.338
1649.348
1649.444
1651.362
1651.875
1652.473
1652.478
1652.491
1653.432
1653.435
1654.115
1654.924
1655.054
1656.153
1682.236
1682.254
1682.341
1683.639
1685.65
1686.002
1686.029
1687.799
1687.817
1688.175
1688.355
1689.301
1689.4
1689.499
1689.728
1689.836
1689.854
1689.94
1690.105
1690.198
1690.199
1690.263
1690.435
1690.562
1691.946
1692.021
1692.044
1692.128
1694.426
1695.594
1698.164
1698.653
1698.675
1698.697
1698.699
1698.745
1698.818
1699.065
1699.095
1701.046
1701.47
1701.794
1701.798
1702.601
1702.626
1703.977
1704.158
1704.173
1704.667
1704.732
1708.245
1709.258
1709.273
1710.396
1710.433
1710.445
1710.466
1710.528
1710.543
1710.799
1710.913
1711.066
1711.136
1711.184
1712.958
1712.988
1713.099
1713.181
1713.243
1713.259
1713.336
1717.311
1718.895
1718.904
1718.925
1718.934
1719.006
1719.008
1720.455
1720.556
1721.138
1722.679
1724.392
1725.861
1731.275
1731.683
1731.685
1732.08
1733.059
1733.858
1733.859
1734.128
1734.143
1734.42
1734.438
1735.76
1737.334
1738.32
1738.393
1740.13
1740.131
1740.344
1740.781
1740.805
1740.891
1746.565
1746.573
1746.687
1746.82
1748.881
1748.995
1749.381
1749.583
1749.807
1750.312
1750.36
1753.18
1753.189
1753.829
1754.689
1755.258
1757.594
1757.595
1758.203
1758.246
1758.322
1758.331
1758.338
1758.359
1762.262
1762.297
1766.048
1766.063
1766.076
1766.098
1766.103
1766.119
1766.167
1766.215
1766.216
1766.232
1766.241
1766.25
1766.332
1766.364
1766.376
1766.394
1766.407
1766.422
1766.489
1766.641
1766.659
1766.734
1766.74
1766.762
1766.818
1766.841
1766.849
1766.883
1767.012
1767.254
1767.523
1768.129
1768.178
1769.599
1774.338
1776.414
1776.534
1776.567
1777.823
1777.877
1778.415
1780.349
1782.875
1782.997
1784.463
1785.63
1786.584
1786.911
1789.199
1789.21
1791.233
1791.865
1794.49
1798.018
1798.058
1798.09
1798.091
1798.096
1798.853
1800.409
1812.759
1812.82
1812.977
1815.799
1819.004
1819.006
1819.815
1824.622
1825.016
1826.223
1826.333
1826.336
1826.557
1828.341
1842.879
1842.927
1843.254
1843.328
1843.33
1843.364
1843.72
1843.743
1844.071
1844.202
1845.223
1845.228
1845.515
1846.588
1848.325
1850.238
1850.806
1850.834
1850.857
1850.893
1852.889
1854.311
1854.462
1854.768
1854.769
1854.774
1854.806
1854.989
1858.89
1860.532
1861.527
1862.52
1863.032
1864.406
1865.101
1865.13
1866.247
1866.853
1866.952
1867.437
1867.461
1867.475
1868.421
1870.029
1870.165
1870.511
1870.581
1870.606
1870.608
1870.624
1870.628
1870.637
1870.641
1870.76
1870.806
1870.811
1871.79
1872.169
1873.989
1873.991
1874.203
1874.235
1874.277
1874.686
1874.701
1876.801
1876.925
1876.929
1876.947
1877.416
1877.536
1878.502
1878.581
1879.509
1879.773
1880.421
1880.481
1880.59
1880.761
1881.477
1881.508
1881.533
1882.699
1882.773
1884.864
1885.713
1887.265
1888.662
1888.695
1891.188
1891.255
1891.269
1891.492
1895.084
1895.405
1895.406
1895.474
1895.513
1896.307
1897.387
1898.559
1898.58
1903.104
1904.057
1905.251
1905.277
1907.046
1907.3
1907.633
1908.655
1915.147
1915.158
1915.941
1917.228
1917.232
1917.479
1919.357
1919.358
1922.478
1922.701
1922.794
1923.576
1924.575
1926.979
1927.003
1927.004
1930.158
1930.598
1930.602
1930.637
1930.666
1930.697
1930.702
1931.914
1932.72
1933.409
1933.502
1934.775
1934.969
1935.971
1936.013
1938.807
1940.188
1942.254
1943.073
1947.111
1948.931
1949.421
1952.167
1952.287
1954.899
1956.472
1956.521
1956.522
1956.834
1958.99
1960.827
1960.844
1961.459
1961.461
1962.086
1962.52
1962.57
1962.584
1963.883
1965.58
1965.597
1965.999
1966.002
1967.291
1972.875
1972.877
1975.026
1975.027
1976.912
1977.437
1979.315
1983.458
1986.45
1986.939
1989.235
1989.26
1989.451
1989.633
1990.753
1993.363
1994.411
1994.51
1994.723
1994.933
2004.254
2005.017
2005.018
2005.086
2007.945
2007.979
2008.367
2009.428
2010.107
2010.244
2010.455
2010.495
2011.627
2012.689
2021.899
2021.931
2022.558
2022.569
2024.255
2029.108
2029.127
2031.807
2031.816
2036.031
2036.231
2037.184
2037.203
2039.516
2039.568
2039.995
2040.433
2042.556
2050.886
2051.151
2053.761
2055.869
2056.023
2056.693
2056.722
2056.759
2058.245
2058.457
2060.239
2060.378
2060.534
2060.555
2060.57
2060.588
2060.788
2060.873
2061.019
2061.114
2061.376
2061.598
2065.086
2070.245
2070.343
2070.344
2079.072
2079.173
2080.148
2080.185
2080.187
2080.238
2080.241
2080.425
2080.437
2080.477
2080.571
2080.813
2080.909
2080.911
2080.948
2080.992
2081.975
2084.25
2084.277
2088.876
2095.632
2095.654
2095.696
2095.719
2096.161
2096.198
2096.278
2096.294
2096.536
2096.59
2096.596
2097.352
2098.185
2098.19
2098.201
2098.275
2098.437
2098.441
2098.665
2098.688
2098.892
2099.47
2100.56
2100.796
2101.705
2101.827
2101.883
2101.89
2101.905
2101.989
2102.013
2102.017
2102.071
2108.254
2108.553
2108.587
2108.59
2108.613
2108.655
2108.751
2108.817
2109.797
2109.814
2111.671
2111.708
2111.999
2112.472
2112.565
2116.594
2126.173
2127.882
2129.248
2130.224
2130.585
2133.388
2133.666
2139.754
2144.675
2144.684
2144.685
2148.491
2149.19
2150.153
2150.253
2150.752
2150.765
2152.169
2153.614
2155.437
2156.341
2158.854
2160.986
2161.315
2161.487
2161.535
2164.185
2166.779
2167.124
2167.464
2169.976
2171.194
2171.298
2174.015
2175.686
2175.737
2175.738
2176.014
2176.6
2176.821
2177.996
2177.997
2178.01
2178.022
2178.043
2178.075
2178.08
2178.089
2178.133
2178.282
2178.328
2178.349
2178.354
2181.53
2181.562
2183.461
2183.48
2183.564
2241.777
2242.332
2243.868
2244.111
2244.35
2245.908
2250.499
2250.565
2251.044
2252.538
2254.34
2254.904
2257.324
2258.101
2258.267
2258.275
2258.446
2258.611
2260.117
2260.228
2262.23
2264.466
2264.672
2266.035
2268.293
2268.975
2270.747
2272.098
2272.434
2273.78
2273.807
2274.276
2275.162
2275.168
2278.024
2278.419
2279.935
2279.94
2280.059
2283.503
2283.54
2283.621
2284.144
2288.214
2288.571
2288.989
2289.063
2290.356
2290.357
2290.579
2292.075
2292.076
2292.106
2297.652
2297.719
2297.726
2297.763
2297.791
2298.018
2298.034
2298.735
2298.745
2299.972
2299.982
2299.993
2300.353
2300.363
2301.477
2301.734
2301.773
2302.609
2303.475
2303.689
2303.751
2303.757
2304.98
2319.995
2324.927
2324.928
2326.106
2326.263
2326.278
2327.393
2330.29
2330.704
2330.746
2330.792
2330.829
2330.937
2333.067
2335.036
2336.095
2336.988
2337.029
2337.168
2337.792
2339.558
2340.506
2341.622
2343.41
2344.777
2346.334
2353.479
2353.548
2353.657
2353.658
2359.655
2360.244
2362.567
2363.797
2367.153
2369.857
2370.653
2371.707
2371.896
2371.952
2372.598
2372.633
2375.578
2375.706
2375.739
2376.986
2385.652
2386.9
2388.852
2390.775
2390.777
2397.827
2397.839
2397.844
2397.856
2405.598
2407.687
2407.732
2407.733
2408.993
2410.35
2410.369
2410.931
2411.285
2411.296
2411.319
2411.418
2411.459
2412.816
2412.87
2412.884
2444.675
2445.176
2447.295
2448.447
2461.824
2461.825
2461.853
2462.376
2463.477
2464.474
2464.553
2464.593
2465.614
2465.723
2465.725
2465.739
2465.777
2466.068
2466.601
2466.658
2466.785
2466.888
2466.903
2467.095
2468.738
2468.791
2469.529
2470.243
2473.255
2473.338
2473.382
2473.388
2473.399
2473.56
2473.593
2473.605
2473.698
2473.796
2474.358
2474.391
2475.293
2475.785
2475.885
2476.032
2477.082
2477.1
2477.147
2477.151
2477.431
2477.437
2483.112
2485.191
2485.353
2487.848
2488.335
2491.543
2493.632
2493.986
2494.37
2494.386
2494.681
2494.917
2495.929
2495.931
2495.941
2495.942
2495.943
2495.945
2495.946
2497.617
2497.634
2501.572
2501.573
2501.593
2501.809
2505.337
2505.348
2505.369
2511.7
2511.885
2511.903
2511.921
2511.948
2511.955
2512.518
2512.944
2513.206
2514.169
2514.245
2514.898
2515.018
2515.03
2515.715
2516.692
2522.351
2522.875
2523.169
2523.186
2525.029
2525.112
2525.141
2525.283
2526.565
2526.575
2526.978
2527.043
2529.066
2529.282
2529.649
2529.668
2529.693
2530.496
2532.707
2536.818
2538.344
2540.221
2540.308
2544.431
2545.823
2552.801
2552.929
2553.306
2553.456
2553.492
2554.569
2555.87
2555.935
2561.569
2561.607
2562.618
2562.773
2566.003
2566.053
2567.383
2567.39
2567.391
2576.267
2577.192
2577.481
2577.949
2578.17
2578.35
2581.224
2583.323
2583.81
2584.146
2585.265
2586.54
2586.957
2587.271
2590.845
2593.042
2594.337
2594.879
2596.298
2596.313
2596.316
2596.318
2596.323
2596.598
2596.667
2597.786
2597.928
2599.295
2599.321
2599.344
2599.415
2600.128
2600.238
2602.661
2607.297
2607.932
2612.971
2614.071
2616.275
2616.278
2619.919
2624.838
2625.673
2626.197
2626.442
2626.517
2626.61
2627.166
2630.828
2631.009
2634.416
2634.426
2634.584
2634.588
2634.892
2635.597
2635.6
2638.121
2639.195
2639.214
2639.38
2639.854
2646.049
2650.008
2650.013
2650.066
2652.064
2652.067
2656.385
2661.82
2670.076
2676.315
2680.515
2680.563
2681.731
2683.058
2683.063
2684.177
2684.199
2686
2686.235
2686.368
2686.373
2688.227
2689.421
2689.946
2689.981
2689.998
2691.779
2691.84
2693.723
2693.738
2695.837
2695.898
2695.899
2695.93
2696.826
2699.312
2699.313
2699.314
2699.331
2700.725
2702.41
2702.616
2702.621
2702.73
2705.215
2706.531
2706.621
2710.563
2712.125
2712.13
2712.136
2712.174
2712.196
2712.197
2712.23
2712.261
2712.262
2712.268
2713.847
2715.647
2716.987
2719.153
2719.269
2719.672
2719.673
2720.475
2720.482
2722.691
2724.607
2725.537
2726.163
2726.335
2726.406
2726.42
2731.482
2731.499
2735.131
2735.33
2735.362
2735.917
2738.256
2738.755
2738.814
2738.857
2738.858
2739.053
2739.121
2740.762
2741.493
2741.523
2741.525
2741.751
2744.625
2745.853
2746.232
2746.353
2746.836
2750.575
2750.612
2750.628
2751.026
2754.783
2761.036
2761.182
2761.374
2765.549
2765.587
2765.702
2766.07
2766.176
2766.257
2769.039
2770.373
2770.904
2770.98
2773.396
2774.463
2774.706
2780.508
2788.818
2793.456
2793.576
2793.692
2793.717
2796.486
2797.168
2798.092
2799.267
2800.624
2800.627
2801.461
2801.475
2801.492
2801.506
2801.507
2801.763
2801.771
2803.381
2810.592
2811.941
2822.778
2822.792
2822.868
2822.894
2822.911
2822.912
2822.923
2822.924
2822.933
2822.997
2824.172
2824.175
2824.191
2824.315
2824.325
2824.34
2824.349
2826.562
2832.452
2833.491
2834.003
2834.194
2835.065
2835.301
2840.509
2841.094
2844.437
2844.856
2845.188
2845.704
2850.826
2850.851
2850.934
2851.063
2852.306
2852.319
2852.579
2852.631
2852.643
2852.644
2852.719
2852.762
2852.807
2852.835
2852.861
2852.864
2853.735
2853.742
2853.851
2853.887
2854.063
2854.287
2854.346
2854.374
2854.534
2854.546
2855.619
2855.625
2856.42
2856.43
2856.44
2856.454
2856.464
2856.51
2856.525
2856.576
2856.618
2856.658
2857.093
2858.38
2858.388
2858.389
2858.39
2859.161
2859.166
2859.426
2859.427
2859.433
2859.443
2860.47
2861.315
2863.8
2863.813
2864.107
2864.709
2864.76
2864.784
2864.922
2868.583
2868.642
2869.473
2869.493
2870.575
2870.583
2872.496
2873.053
2875.88
2880.56
2884.034
2884.047
2884.254
2884.255
2886.133
2887.132
2891.52
2894.141
2894.569
2896.617
2897.511
2900.004
2900.264
2902.61
2905.424
2906.162
2907.933
2908.168
2908.169
2909.546
2909.642
2909.9
2909.913
2909.954
2912.71
2912.743
2913.565
2913.583
2914.705
2915.109
2919.466
2921.919
2923.759
2933.353
2933.393
2934.833
2934.876
2936.747
2936.762
2937.45
2938.176
2938.884
2940.4
2942.576
2943.731
2943.743
2943.796
2943.842
2943.854
2944.978
2947.933
2948.008
2948.214
2948.225
2948.733
2948.804
2948.924
2950.163
2950.847
2955.355
2956.378
2956.382
2956.703
2957.94
2957.944
2958.037
2958.54
2960.529
2962.167
2963.458
2963.841
2964.557
2966.061
2968.463
2971.443
2971.836
2973.171
2973.227
2973.228
2973.624
2976.796
2976.798
2976.808
2977.339
2977.374
3000.019
3000.156
3000.411
3000.493
3000.863
3000.916
3000.963
3005.094
3005.173
3005.197
3005.293
3005.323
3009.756
3010.789
3011.181
3011.188
3011.235
3013.19
3013.934
3021.082
3024.364
3027.01
3031.111
3031.119
3031.196
3031.197
3031.327
3031.349
3031.575
3036.348
3036.378
3036.829
3037.173
3037.214
3037.216
3038.505
3038.509
3038.518
3038.524
3038.546
3038.552
3038.715
3038.793
3038.907
3038.944
3040.11
3041.154
3041.477
3042.176
3042.182
3042.66
3045.836
3049.535
3049.576
3050.876
3051.752
3053.112
3057.535
3059.991
3060.124
3060.264
3060.302
3062.448
3062.476
3064.128
3066.021
3067.121
3067.128
3070.018
3071.398
3071.406
3073.415
3073.428
3073.429
3073.431
3073.487
3073.553
3073.558
3074.541
3075.756
3076.62
3076.722
3080.274
3083.042
3083.117
3083.418
3083.419
3083.448
3083.86
3083.928
3085.12
3088.24
3088.329
3089.618
3089.646
3090.844
3091.49
3091.503
3091.528
3091.529
3091.54
3091.572
3091.602
3091.614
3091.702
3091.752
3091.789
3091.791
3092.419
3093.031
3093.059
3093.121
3093.522
3093.751
3093.802
3095.516
3098.378
3099.123
3099.304
3099.375
3105.759
3106.377
3111.414
3111.692
3111.764
3111.766
3112.24
3113.602
3113.645
3114.054
3114.061
3118.318
3118.412
3118.713
3119.178
3119.259
3119.854
3119.935
3121.294
3121.335
3125.128
3125.262
3125.263
3125.264
3127.484
3127.579
3127.65
3127.693
3127.698
3131.104
3131.17
3131.175
3131.544
3131.592
3132.348
3132.676
3132.903
3132.904
3134.03
3134.223
3134.799
3135.156
3136.21
3136.372
3136.771
3137.505
3137.59
3139.055
3139.166
3144.156
3144.554
3144.718
3145.16
3155.591
3155.971
3155.992
3156.127
3157.299
3157.305
3164.775
3167.52
3167.858
3168.81
3168.831
3168.84
3168.899
3170.08
3170.399
3170.41
3170.645
3172.674
3172.688
3172.694
3177.256
3184.002
3185.255
3185.329
3186.647
3191.367
3193.654
3195.932
3197.426
3197.481
3197.714
3197.746
3197.794
3197.796
3198.777
3198.832
3199.032
3199.281
3199.709
3199.755
3199.774
3199.798
3201.431
3201.914
3202.007
3202.626
3204.238
3204.784
3205.178
3205.224
3205.491
3205.551
3208.476
3209.55
3212.211
3212.473
3214.035
3214.159
3217.03
3219.466
3220.61
3222.198
3222.647
3222.677
3222.962
3223.066
3223.805
3229.238
3231.279
3235.339
3235.632
3237.979
3238.122
3239.147
3239.187
3239.702
3240.999
3246.332
3246.343
3248.921
3251.678
3252.202
3252.765
3252.776
3253.168
3253.699
3253.797
3254.829
3254.833
3261.754
3262.29
3269.143
3269.203
3269.204
3269.659
3269.832
3269.835
3269.846
3269.866
3269.887
3269.897
3270.687
3270.698
3270.715
3271.976
3272.912
3274.596
3274.597
3275.497
3275.728
3281.77
3283.363
3283.402
3283.434
3284.471
3284.492
3284.524
3284.543
3284.789
3284.826
3284.834
3284.899
3285.008
3285.126
3285.157
3285.165
3285.2
3286.06
3286.122
3286.584
3291.714
3291.719
3291.809
3291.867
3292.057
3292.193
3292.233
3292.299
3292.458
3293.533
3293.6
3293.62
3294.932
3297.429
3297.499
3297.552
3302.345
3302.356
3302.854
3303.507
3303.602
3305.09
3305.547
3305.673
3309.997
3310.027
3311.281
3313.724
3313.785
3313.99
3318.655
3318.66
3323.504
3325.366
3325.371
3325.733
3326.338
3327.736
3327.763
3328.052
3328.075
3328.701
3331.827
3336.225
3339.183
3339.193
3339.93
3341.635
3342.018
3342.118
3343.628
3343.643
3343.745
3343.973
3344.164
3345.317
3345.459
3346.585
3348.123
3349.668
3349.694
3350.255
3352.311
3352.381
3352.41
3354.687
3354.903
3354.915
3360.081
3361.27
3362.264
3362.865
3363.08
3363.091
3363.705
3364.206
3364.981
3367.859
3367.866
3367.869
3367.877
3367.882
3368.895
3369.518
3371.116
3372.595
3372.814
3373.036
3373.455
3373.849
3373.945
3373.968
3374.148
3374.368
3374.374
3374.409
3374.429
3374.44
3374.688
3374.711
3374.983
3374.997
3375.114
3375.181
3375.251
3375.269
3375.322
3375.429
3376.106
3377.37
3377.447
3377.526
3377.67
3379.532
3379.591
3379.611
3380.405
3380.42
3380.459
3382.76
3386.918
3386.93
3387.902
3387.919
3387.92
3387.934
3387.937
3387.95
3387.951
3387.97
3391.164
3391.192
3391.261
3391.268
3391.485
3391.532
3392.759
3393.847
3393.867
3394.025
3398.256
3399.245
3399.267
3399.292
3399.297
3400.058
3400.413
3400.454
3400.58
3400.66
3400.687
3400.715
3400.757
3400.777
3401.077
3402.914
3403.935
3404.182
3404.387
3404.979
3405.115
3406.14
3409.685
3410.937
3414.011
3414.043
3415.468
3415.77
3415.789
3415.822
3416.244
3416.824
3418.817
3418.87
3418.981
3419.33
3420.192
3420.891
3421.368
3421.387
3421.395
3421.404
3421.409
3421.532
3421.545
3421.946
3422.363
3422.37
3422.388
3422.794
3422.799
3422.865
3422.872
3422.873
3424.789
3428.765
3428.767
3431.823
3433.091
3435.492
3439.168
3439.202
3439.54
3439.889
3439.892
3439.903
3440.064
3441.733
3450.734
3453.393
3453.879
3453.888
3453.889
3455.482
3455.7
3458.84
3459.258
3464.766
3464.776
3464.88
3464.96
3469.143
3471.993
3474.442
3474.764
3475.049
3475.54
3477.283
3477.32
3477.34
3495.895
3495.898
3495.934
3495.964
3495.989
3497.31
3499.054
3499.055
3499.1
3499.18
3499.228
3499.484
3503.106
3503.107
3503.822
3503.938
3504.14
3504.594
3506.209
3507.718
3508.441
3509.204
3509.699
3510.071
3510.538
3510.822
3515.754
3517.62
3517.629
3517.631
3517.632
3517.712
3517.714
3522.504
3522.862
3522.888
3522.969
3526.416
3527.731
3530.467
3531.228
3534.06
3534.065
3534.066
3534.067
3534.068
3534.386
3536
3536.002
3536.953
3539.432
3540.415
3540.424
3543.23
3544.991
3548.796
3550.421
3550.511
3550.543
3554.378
3555.915
3557.81
3557.811
3561.511
3561.976
3562.236
3562.536
3562.82
3563.009
3564.697
3564.731
3564.79
3565.891
3565.93
3567.136
3567.325
3570.314
3570.325
3570.334
3570.341
3572.182
3572.191
3572.195
3572.407
3572.476
3572.477
3572.482
3572.867
3572.88
3572.883
3572.889
3574.056
3574.068
3574.07
3575.558
3581.608
3581.62
3582.481
3582.49
3582.492
3584.966
3585.074
3585.237
3585.251
3588.401
3588.472
3592.256
3594.045
3594.046
3594.061
3597.063
3597.778
3597.919
3602.642
3602.982
3603.029
3603.077
3603.097
3603.168
3606.407
3606.557
3608.963
3609.53
3613.359
3613.36
3614.332
3617.029
3617.084
3618.329
3618.336
3621.634
3621.733
3622.119
3624.317
3625.643
3626.434
3628.835
3629.994
3630.209
3633.589
3633.694
3633.703
3635.4
3635.443
3635.46
3635.47
3635.478
3636.31
3636.344
3636.467
3636.91
3637.4
3637.611
3637.695
3637.699
3638.858
3638.894
3638.896
3638.984
3639.045
3639.29
3639.36
3642.561
3645.155
3645.156
3645.159
3645.2
3646.29
3647.973
3647.986
3648.119
3650.179
3651.368
3653.142
3655.215
3655.656
3656.624
3657.57
3658.17
3658.276
3658.463
3660.22
3662.936
3663.126
3663.179
3663.277
3663.56
3663.671
3664.58
3671.109
3671.445
3673.402
3673.495
3676.398
3676.413
3676.421
3676.454
3677.429
3679.393
3679.416
3679.417
3679.424
3682.186
3682.315
3682.359
3682.445
3684.361
3684.437
3684.512
3684.592
3684.615
3684.646
3685.257
3685.464
3685.503
3685.516
3687.027
3688.031
3688.086
3688.758
3689.531
3689.653
3689.66
3690.773
3699.791
3699.87
3702.836
3702.868
3702.905
3702.918
3706.022
3708.162
3710.317
3714.782
3715.008
3716.461
3716.462
3717.755
3717.808
3719.485
3722.681
3722.918
3726.674
3726.676
3726.678
3726.693
3726.763
3726.835
3728.079
3728.084
3728.139
3728.149
3732.022
3732.276
3733.675
3735.076
3735.77
3735.777
3737.459
3739.018
3741.947
3742.279
3742.327
3742.435
3742.92
3743.348
3743.908
3744.161
3745.554
3745.566
3747.737
3748.019
3754.865
3757.032
3757.135
3757.523
3757.524
3759.045
3760.561
3762.342
3762.821
3769.37
3769.532
3770.096
3770.343
3770.452
3770.493
3770.675
3771.416
3772.449
3772.549
3773.011
3773.097
3773.134
3777.388
3778.765
3778.775
3779.751
3782.08
3782.175
3786.018
3786.067
3786.345
3788.383
3789.037
3789.118
3790.732
3791.868
3792.25
3793.982
3800.778
3800.899
3803.522
3803.539
3805.604
3805.957
3805.958
3806.561
3806.571
3806.779
3807.597
3808.802
3808.804
3808.852
3810.297
3813.179
3816.281
3816.628
3817.293
3817.33
3820.519
3821.359
3821.655
3822.556
3823.233
3823.936
3826.677
3826.691
3829.476
3829.478
3829.868
3829.912
3829.933
3829.937
3829.945
3829.968
3829.974
3829.991
3829.992
3830.02
3830.025
3830.079
3830.09
3830.217
3830.25
3831.445
3833.507
3833.879
3833.911
3833.918
3833.962
3834.003
3834.105
3834.514
3834.575
3834.587
3836.903
3837.489
3840.856
3841.551
3843.151
3843.322
3845.935
3845.945
3846.128
3846.19
3846.277
3846.294
3846.712
3846.849
3846.894
3847.048
3847.995
3848.292
3850.52
3850.523
3850.814
3851.396
3855.095
3855.105
3855.263
3856.406
3863.623
3866.89
3868.152
3870.588
3870.706
3870.767
3870.775
3870.78
3874.544
3874.859
3874.889
3875.788
3875.798
3875.799
3875.845
3875.849
3875.857
3875.863
3875.912
3880.075
3882.075
3882.115
3884.661
3885.784
3887.281
3888.529
3890.411
3896.753
3896.806
3896.855
3900.269
3901.058
3901.253
3905.929
3907.025
3907.399
3908.193
3910.31
3910.319
3912.159
3913.02
3916.47
3916.486
3916.49
3916.553
3916.607
3916.609
3916.618
3917.807
3917.915
3919.098
3919.119
3919.153
3919.187
3921.168
3922.124
3922.176
3923.32
3925.817
3925.852
3926.091
3929.41
3930.171
3930.28
3930.963
3932.914
3933.749
3934.089
3938.916
3938.933
3941.692
3942.573
3942.574
3943.437
3943.604
3945.075
3945.328
3945.436
3947.258
3947.32
3947.344
3947.418
3947.443
3949.774
3950.376
3950.485
3950.586
3951.76
3951.78
3953.275
3953.606
3953.848
3954.023
3954.224
3954.446
3954.912
3956.068
3956.296
3956.463
3959.038
3959.482
3959.759
3960.573
3960.795
3960.974
3965.767
3965.794
3969.198
3969.199
3970.993
3975.073
3975.101
3975.145
3975.254
3977.261
3977.301
3977.422
3977.49
3977.535
3977.585
3977.711
3979.48
3980.08
3980.55
3982.22
3982.76
3982.776
3987.073
3987.509
3987.511
3993.79
3996.194
3996.401
3996.506
3997.079
3997.724
3998.471
3998.496
3998.681
3999.361
3999.458
3999.623
3999.835
3999.967
3999.968
4000.649
4001.334
4001.753
4002.954
4002.966
4004.072
4007.117
4016.087
4016.089
4017.114
4022.101
4022.49
4022.494
4022.967
4023.008
4024.22
4024.232
4024.255
4024.472
4024.563
4024.576
4024.586
4024.662
4025.899
4026.212
4027.792
4027.918
4028.607
4028.72
4029.473
4029.49
4029.501
4029.544
4029.581
4032.556
4032.557
4032.558
4032.559
4032.56
4032.618
4032.698
4032.73
4032.765
4032.77
4032.773
4032.81
4032.846
4032.862
4032.866
4034.423
4034.436
4036.994
4039.307
4039.368
4039.684
4039.685
4042.524
4043.363
4043.561
4044.21
4044.239
4044.446
4044.762
4044.764
4047.1
4049.516
4049.534
4050.072
4050.082
4050.712
4052.39
4052.913
4053.445
4057.005
4057.059
4058.068
4058.413
4058.444
4058.445
4061.793
4061.796
4061.829
4061.838
4061.865
4062.079
4062.113
4062.148
4062.162
4063.023
4063.187
4064.786
4065.33
4065.643
4065.722
4065.743
4065.752
4065.858
4065.895
4065.92
4065.923
4067.521
4067.727
4067.766
4067.788
4068.38
4068.464
4068.476
4068.553
4068.558
4069.428
4069.431
4069.432
4070.503
4070.595
4070.602
4070.638
4070.666
4070.814
4070.889
4070.902
4070.907
4070.922
4071.126
4071.314
4071.329
4071.96
4078.114
4078.23
4078.494
4078.529
4078.603
4078.946
4080.082
4083.295
4083.296
4083.297
4083.304
4083.49
4083.556
4083.608
4083.665
4085.12
4085.124
4085.455
4085.804
4085.921
4086.043
4086.916
4087.638
4087.696
4087.722
4093.293
4094.732
4099.048
4103.546
4109.017
4110.155
4111.581
4111.796
4112.409
4118.462
4118.487
4118.498
4121.874
4122.306
4122.314
4123.453
4123.866
4125.455
4125.473
4125.816
4125.836
4127.601
4127.664
4127.665
4127.666
4128.477
4128.485
4128.544
4130.725
4131.755
4131.768
4132.596
4134.81
4136.502
4136.537
4138.49
4140.164
4140.464
4142.665
4143.249
4144.19
4144.193
4145.07
4149.949
4152.033
4152.061
4152.244
4152.277
4156.88
4158.655
4158.753
4159.362
4161.594
4161.667
4161.738
4162.78
4163.953
4164.606
4164.62
4164.63
4164.639
4164.681
4164.683
4164.687
4164.689
4166.012
4166.039
4166.056
4166.087
4166.11
4166.114
4166.118
4166.13
4166.214
4166.226
4166.235
4166.236
4166.24
4166.264
4166.266
4166.297
4166.313
4166.315
4166.323
4166.327
4166.33
4166.36
4166.367
4166.461
4166.462
4168.251
4168.332
4168.337
4168.432
4168.468
4168.664
4168.665
4168.707
4168.717
4169.537
4169.83
4169.84
4169.841
4169.842
4169.845
4169.881
4171.67
4171.992
4172.609
4172.63
4184.356
4188.289
4188.386
4195.388
4195.463
4195.478
4195.552
4195.559
4197.616
4198.019
4198.594
4198.87
4198.899
4199.497
4201.96
4202.546
4203.204
4207.893
4209.196
4209.486
4209.742
4210.751
4210.984
4211.022
4211.066
4211.074
4219.239
4219.594
4220.496
4221.081
4222.601
4224.346
4225.403
4228.191
4228.288
4228.385
4229.07
4230.996
4233.971
4234.745
4236.166
4236.202
4237.332
4237.333
4238.586
4238.621
4238.626
4238.68
4238.701
4238.71
4238.775
4240.261
4240.396
4247.203
4247.204
4247.27
4247.309
4247.33
4247.339
4247.341
4247.349
4247.398
4247.564
4247.823
4247.907
4252.9
4252.904
4252.909
4252.953
4254.236
4254.247
4254.249
4254.254
4254.258
4254.338
4254.406
4255.415
4258.652
4258.921
4261.547
4262.236
4262.773
4262.949
4264.004
4265.389
4268.958
4269.715
4269.946
4269.953
4272.637
4273.565
4273.598
4273.828
4274.1
4274.876
4274.878
4274.934
4277.748
4277.754
4277.759
4278.141
4278.16
4279.432
4286.811
4286.982
4286.986
4289.933
4290.104
4290.386
4290.387
4292.12
4292.126
4292.626
4295.927
4296.71
4296.861
4297.804
4298.001
4300.268
4300.277
4300.857
4300.869
4300.881
4301.75
4301.751
4303.707
4304.241
4305.19
4305.965
4307.276
4307.393
4307.463
4307.598
4311.657
4311.694
4316.416
4320.311
4322.079
4322.094
4322.402
4326.941
4331.5
4333.683
4333.69
4333.693
4333.867
4336.019
4339.053
4339.055
4339.064
4339.212
4339.332
4341.116
4341.268
4341.27
4342.276
4344.004
4344.642
4344.957
4351.04
4351.082
4351.098
4351.309
4351.453
4351.47
4353.054
4353.063
4353.075
4353.087
4354.041
4354.349
4354.352
4354.557
4355.807
4357.685
4357.751
4357.754
4358.106
4358.112
4358.939
4358.968
4359.202
4359.224
4359.272
4359.282
4360.652
4361.287
4361.843
4362.074
4363.211
4363.329
4365.616
4365.999
4367.144
4367.431
4368.606
4368.613
4372.126
4372.214
4374.486
4376.658
4379.229
4381.475
4382.619
4383.586
4383.592
4383.593
4383.599
4390.953
4390.966
4390.989
4391.23
4391.262
4391.267
4392.06
4394.72
4394.818
4401.373
4401.382
4403.584
4403.6
4407.278
4408.344
4408.367
4408.682
4409.127
4410.061
4413.447
4413.46
4413.571
4415.483
4415.577
4416.509
4417.543
4417.588
4417.601
4417.603
4419.098
4423.748
4423.801
4424.058
4425.308
4425.317
4426.129
4426.962
4427.532
4430.104
4431.163
4431.191
4431.297
4431.428
4431.464
4434.051
4434.145
4444.577
4446.513
4446.568
4450.897
4450.958
4450.959
4450.963
4450.998
4451.022
4451.025
4451.16
4451.285
4458.103
4461.613
4461.665
4461.688
4461.689
4461.992
4462.173
4462.181
4462.186
4463.887
4464.713
4464.727
4465.453
4465.919
4467.62
4467.936
4468.868
4468.915
4468.975
4468.993
4469.234
4469.239
4469.301
4471.521
4471.547
4471.702
4471.733
4473.455
4473.952
4473.979
4474.037
4474.038
4478.735
4478.759
4478.82
4478.821
4478.825
4479.126
4479.271
4479.296
4481.383
4481.611
4482.858
4485.692
4485.699
4493.884
4499.196
4499.564
4499.602
4499.618
4499.961
4500.288
4501.046
4503.518
4503.658
4503.67
4503.68
4504.17
4504.311
4508.977
4512.995
4516.288
4516.289
4521.603
4522.753
4530.404
4530.525
4530.543
4530.798
4531.467
4535.608
4539.098
4539.191
4539.949
4540.062
4540.066
4541.862
4541.984
4543.632
4545.47
4545.471
4545.472
4547.013
4547.019
4547.11
4547.111
4547.382
4548.267
4548.441
4548.933
4549.158
4549.377
4549.819
4550.21
4550.497
4550.531
4550.683
4556.894
4556.902
4556.914
4557.014
4557.321
4559.365
4559.897
4560.605
4561.458
4566.574
4568.501
4572.692
4575.664
4576.892
4584.705
4585.466
4585.471
4586.265
4586.734
4587.099
4587.118
4588.475
4591.345
4591.621
4591.68
4591.73
4591.966
4592.098
4592.144
4592.146
4593.2
4601.15
4601.172
4601.178
4601.861
4601.952
4602.611
4602.656
4602.725
4604.613
4604.634
4604.637
4604.638
4604.667
4604.713
4604.741
4604.83
4605.057
4605.272
4605.285
4605.631
4609.043
4609.045
4609.091
4609.092
4609.106
4609.118
4609.368
4609.441
4609.455
4609.69
4609.757
4609.802
4609.822
4609.935
4611.084
4611.118
4611.137
4611.162
4611.17
4611.202
4611.203
4611.214
4611.216
4611.682
4613.518
4613.595
4613.614
4617.403
4617.404
4617.438
4617.445
4617.458
4617.468
4617.47
4619.86
4619.875
4619.882
4619.895
4626.084
4626.091
4628.197
4629.339
4629.384
4633.468
4633.61
4634.935
4635.097
4635.131
4635.465
4635.469
4638.013
4638.016
4638.05
4639.662
4639.693
4639.711
4640.352
4642.359
4645.92
4647.428
4649.858
4649.893
4650.873
4651.165
4653.129
4654.432
4656.464
4656.621
4656.849
4656.85
4656.857
4657.477
4660.894
4662.363
4662.484
4663.592
4664.376
4665.298
4666.108
4666.117
4667.505
4667.51
4668.266
4668.531
4668.537
4670.196
4670.434
4670.437
4670.45
4670.549
4670.551
4670.582
4670.658
4671.225
4672.03
4672.032
4672.093
4672.104
4672.121
4672.133
4672.155
4672.178
4674.449
4675.496
4676.376
4676.495
4676.517
4676.565
4677.982
4677.984
4678
4678.491
4678.581
4678.617
4678.691
4678.754
4678.838
4679.032
4679.093
4679.343
4679.477
4680.004
4680.107
4680.203
4680.211
4680.226
4680.234
4680.616
4680.662
4681.012
4684.091
4685.28
4685.291
4685.354
4687.169
4687.201
4688.687
4689.401
4689.965
4691.358
4691.497
4693.965
4698.931
4698.998
4699.765
4700.452
4702.974
4702.978
4703.36
4703.569
4708.196
4712.192
4712.686
4717.297
4722.215
4725.427
4727.669
4730.433
4730.447
4732.853
4735.596
4737.329
4742.404
4743.397
4761.198
4768.266
4776.276
4776.317
4780.771
4782.769
4782.789
4782.795
4782.839
4782.864
4783.809
4783.85
4784.151
4787.829
4787.832
4788.283
4788.3
4788.31
4789.287
4789.322
4793.717
4795.693
4795.695
4795.755
4795.779
4795.783
4797.004
4797.893
4799.952
4801.462
4802.246
4802.272
4804.156
4804.944
4805.94
4805.942
4807.071
4807.111
4809.821
4811.621
4813.113
4816.236
4820.561
4820.566
4824.619
4824.62
4824.622
4824.647
4830.651
4838.422
4838.506
4838.907
4839.286
4840.655
4840.96
4843.15
4844.601
4845.506
4845.517
4848.701
4851.767
4851.982
4853.682
4853.795
4856.19
4856.222
4856.25
4856.276
4857.285
4857.313
4857.354
4859.411
4859.558
4859.768
4859.782
4866.41
4866.411
4866.415
4866.427
4866.439
4866.441
4866.443
4866.446
4866.448
4866.453
4866.493
4866.747
4867.473
4867.481
4875.742
4875.749
4875.94
4876.286
4877.272
4877.279
4881.272
4882.616
4882.683
4882.685
4882.893
4885.089
4886.314
4888.005
4888.985
4890.318
4890.795
4890.797
4890.835
4890.893
4890.921
4893.698
4894.53
4894.817
4894.848
4898.642
4898.719
4903.623
4903.634
4903.636
4903.644
4903.65
4903.723
4903.832
4904.053
4904.567
4905.06
4912.787
4916.525
4917.295
4917.39
4917.413
4917.451
4917.58
4917.694
4922.974
4922.989
4923.973
4927.179
4927.213
4929.691
4932.68
4933.186
4934.849
4935.938
4935.944
4935.989
4938.043
4938.515
4939.103
4939.457
4939.524
4939.613
4943.078
4946.36
4946.433
4946.909
4947.765
4953.489
4953.549
4953.563
4955.625
4955.636
4958.87
4982.071
4982.072
4982.121
4982.155
4982.165
4984.61
4985.468
4985.571
4985.934
4985.969
4986.153
4986.187
4986.764
4989.885
4992.393
4992.883
4993.363
4994.667
4994.816
4997.288
4997.414
4999.397
4999.445
4999.601
4999.666
4999.691
5001.941
5001.977
5002.547
5002.996
5003.213
5003.263
5004.674
5006.732
5006.884
5007.167
5007.315
5007.441
5009.187
5015.875
5015.929
5015.965
5017.542
5017.814
5017.924
5018.051
5021.053
5024.099
5024.238
5024.239
5024.253
5024.418
5024.419
5024.507
5025.005
5026.807
5026.818
5028.927
5029.712
5029.937
5032.515
5033.088
5033.15
5033.288
5033.308
5033.311
5033.317
5033.491
5035.9
5038.383
5038.411
5038.413
5038.447
5039.197
5039.208
5039.216
5039.385
5039.981
5042.73
5042.927
5043.783
5044.657
5044.682
5044.981
5045.99
5046.73
5046.807
5047.372
5047.388
5047.391
5049.511
5053.606
5057.171
5062.642
5063.537
5063.663
5064.999
5065.052
5065.069
5065.156
5065.29
5065.314
5065.333
5065.98
5065.981
5065.982
5069.246
5069.98
5070.006
5072.28
5077.3
5077.426
5078.178
5080.637
5080.659
5080.843
5082.456
5084.362
5084.733
5084.963
5086.281
5086.731
5088.376
5088.551
5099.276
5100.873
5101.095
5102.407
5105.082
5105.351
5105.352
5111.833
5111.888
5111.897
5112.28
5113.411
5113.435
5113.498
5114.389
5114.393
5114.422
5115.154
5117.215
5117.236
5117.276
5117.469
5120.868
5122.154
5128.726
5128.734
5128.738
5128.814
5128.837
5128.866
5128.871
5128.915
5129.86
5130.455
5130.523
5130.525
5130.679
5130.692
5131.306
5131.434
5135.437
5135.685
5136.463
5139.378
5140.937
5141.037
5141.042
5142.244
5142.256
5142.263
5142.47
5142.581
5142.597
5142.798
5143.451
5144.39
5144.67
5150.639
5157.392
5157.431
5157.491
5157.581
5159.941
5159.961
5161.404
5164.186
5164.237
5164.667
5164.784
5164.862
5165.884
5168.139
5168.272
5168.277
5168.279
5169.748
5170.811
5171.51
5173.021
5173.481
5174.201
5176.067
5181.317
5186.305
5191.029
5191.051
5191.21
5191.636
5191.661
5191.753
5192.877
5192.893
5194.129
5196.084
5196.096
5196.663
5199.476
5199.477
5199.54
5206.634
5208.354
5208.603
5210.136
5210.601
5211.298
5211.933
5212.002
5214.289
5214.869
5214.962
5214.974
5215.46
5215.487
5215.506
5215.514
5215.53
5215.536
5215.547
5215.551
5215.62
5215.677
5215.68
5215.688
5215.764
5215.851
5216.819
5216.821
5216.838
5216.854
5216.896
5216.911
5216.979
5217.161
5217.178
5217.191
5217.199
5217.205
5217.207
5217.234
5217.268
5217.269
5217.628
5217.717
5218.148
5218.15
5218.399
5218.401
5218.486
5218.497
5218.506
5218.509
5218.511
5218.512
5218.586
5218.825
5218.826
5219.126
5219.561
5219.872
5221.27
5221.289
5221.297
5221.377
5221.38
5221.391
5221.4
5221.599
5223.228
5223.935
5223.974
5223.976
5224.12
5224.276
5224.56
5225.754
5226.922
5227.686
5227.727
5228.78
5228.99
5229.662
5231.253
5232.762
5233.095
5234.56
5235.27
5235.497
5235.712
5236.095
5236.144
5236.277
5238.469
5238.476
5238.974
5243.162
5245.681
5245.78
5247.131
5249.504
5249.977
5250.597
5250.618
5253.55
5253.567
5253.842
5254.031
5259.01
5259.502
5261.983
5261.985
5269.463
5272.593
5272.638
5272.649
5273.797
5273.803
5274.218
5274.255
5274.356
5274.372
5279.054
5279.092
5279.107
5282.398
5282.585
5283.005
5283.085
5283.594
5283.706
5284.534
5285.348
5285.373
5288.378
5288.528
5288.529
5288.587
5288.605
5289.148
5289.427
5289.662
5292.55
5292.599
5293.131
5294.011
5294.017
5294.071
5294.078
5294.082
5294.086
5294.147
5294.464
5294.484
5294.578
5295.546
5295.583
5295.943
5298.747
5305.881
5306.458
5306.484
5306.631
5306.664
5306.688
5306.693
5309.344
5310.921
5311.037
5311.042
5311.676
5314.698
5314.982
5315.275
5315.368
5316.01
5318.292
5318.3
5318.761
5318.762
5318.769
5324.566
5324.587
5324.603
5325.747
5325.76
5325.778
5327.754
5328.179
5328.794
5329.982
5330.131
5330.162
5332.104
5332.392
5333.946
5335.338
5338.494
5341.972
5341.985
5341.987
5341.99
5343.149
5345.993
5349.524
5350.408
5350.412
5350.413
5350.421
5350.434
5350.435
5350.464
5350.469
5350.482
5350.486
5350.774
5350.801
5350.804
5355.099
5355.428
5356.175
5356.184
5356.591
5356.736
5361.437
5361.656
5361.922
5362.05
5363.619
5364.909
5365.823
5366.106
5366.221
5366.224
5367.119
5368.508
5368.562
5368.765
5371.719
5371.771
5371.802
5371.83
5371.863
5372.542
5374.993
5375.023
5377.499
5384.673
5386.545
5386.554
5387.477
5392.292
5392.293
5392.315
5392.332
5392.345
5392.351
5392.37
5393.663
5393.785
5393.794
5397.346
5397.357
5420.094
5420.1
5420.106
5422.352
5422.359
5422.503
5423.996
5426.875
5427.051
5427.61
5427.912
5428.037
5428.111
5428.293
5428.294
5428.834
5429.174
5429.191
5429.214
5430.319
5430.589
5433.195
5433.442
5433.449
5433.937
5434.247
5435.043
5436
5436.341
5436.957
5437.032
5439.546
5441.875
5441.888
5444.872
5446.055
5451.294
5452.659
5454.769
5459.566
5462.06
5462.071
5462.97
5463.013
5463.701
5464.139
5464.144
5464.172
5464.25
5467.665
5467.741
5468.083
5468.119
5469.696
5470.31
5470.393
5472.739
5472.829
5472.921
5473.358
5481.077
5481.601
5481.632
5482.135
5482.788
5483.659
5484.609
5484.699
5484.801
5484.92
5484.927
5485.98
5492.78
5493.707
5500.259
5500.266
5500.573
5502.132
5503.083
5503.195
5503.26
5506.497
5506.565
5506.688
5506.753
5507.744
5508.879
5510.705
5511.411
5511.856
5512.011
5512.457
5514.097
5515.315
5515.353
5515.384
5515.454
5515.482
5515.516
5515.548
5515.556
5517.038
5517.057
5517.28
5517.323
5517.362
5524.322
5524.712
5525.088
5525.244
5525.589
5529.625
5530.211
5532.481
5534.816
5537.432
5539.569
5539.635
5539.888
5544.514
5545.859
5547.607
5547.698
5547.889
5548.759
5548.774
5548.904
5551.249
5556.96
5557.695
5561.627
5562.489
5562.571
5562.579
5562.592
5562.593
5566.706
5566.786
5566.788
5566.803
5566.835
5567.544
5570.411
5570.423
5570.725
5570.861
5573.022
5574.112
5574.647
5576.49
5578.302
5578.487
5579.532
5579.552
5579.556
5579.935
5580.93
5585.503
5585.536
5585.551
5586.456
5589.737
5589.738
5590.873
5591.171
5591.669
5591.706
5594.564
5594.57
5597.059
5597.246
5597.492
5597.574
5598.08
5602.745
5603.242
5603.278
5603.405
5603.469
5603.508
5603.576
5603.834
5605.096
5605.444
5605.572
5605.691
5605.75
5605.755
5606.01
5606.082
5606.103
5606.105
5606.137
5606.157
5606.191
5606.639
5607.431
5607.705
5610.106
5610.197
5610.219
5610.232
5611.202
5611.258
5611.587
5611.919
5613.164
5613.579
5613.668
5618.798
5619.996
5623.461
5623.514
5623.53
5624.636
5625.034
5625.035
5625.115
5625.158
5625.159
5627.748
5627.749
5627.755
5627.781
5627.815
5628.895
5630.566
5630.837
5630.855
5630.86
5630.882
5631.072
5631.2
5631.378
5631.394
5631.545
5631.589
5631.896
5631.927
5632.11
5632.965
5633.198
5633.272
5636.109
5636.311
5636.511
5637.586
5641.451
5641.454
5642.2
5642.285
5643.004
5643.049
5643.058
5643.681
5644.831
5647.662
5650.232
5651.433
5651.44
5651.812
5653.139
5653.469
5655.071
5655.127
5656.686
5659.098
5659.123
5661.828
5666.063
5667.159
5667.352
5670.571
5670.593
5670.634
5670.643
5670.65
5670.668
5671.279
5673.621
5673.734
5676.616
5676.711
5677.001
5677.027
5677.198
5679.126
5684.039
5684.138
5684.183
5684.197
5685.865
5686.332
5686.412
5686.448
5686.52
5687.193
5687.239
5688.618
5688.635
5688.682
5689.376
5693.469
5697.123
5697.182
5702.606
5702.607
5702.683
5702.701
5704.364
5704.374
5704.375
5706.388
5708.144
5712.144
5712.265
5714.583
5716.177
5719.18
5720.887
5721.68
5723.639
5727.54
5732.556
5735.318
5735.39
5736.501
5739.821
5742.584
5743.639
5743.642
5743.722
5745.584
5746.217
5748.649
5750.014
5750.494
5753.838
5753.902
5753.914
5754.291
5758.57
5758.615
5758.685
5760.02
5762.157
5762.167
5766.922
5766.955
5767.004
5767.532
5769.851
5771.729
5771.852
5774.378
5774.379
5774.38
5774.381
5774.694
5774.897
5774.926
5774.965
5774.97
5775.189
5777.003
5777.579
5778.725
5778.996
5782.083
5784.549
5785.554
5786.776
5808.969
5809.105
5809.149
5809.173
5809.179
5809.332
5810
5810.013
5810.456
5810.773
5810.81
5810.958
5810.967
5811.034
5811.278
5811.649
5812.598
5812.889
5812.914
5812.915
5813.188
5813.273
5813.284
5813.309
5813.318
5813.319
5813.336
5813.374
5813.429
5813.55
5813.555
5813.556
5813.565
5813.627
5813.633
5813.648
5814.936
5816.598
5816.729
5817.57
5817.571
5817.573
5818.493
5818.535
5818.584
5819.745
5819.787
5820.53
5821.354
5821.396
5821.501
5821.983
5822.317
5822.343
5822.346
5822.51
5822.974
5823.101
5823.712
5826.651
5827.936
5828.146
5828.778
5829.744
5829.918
5829.943
5830.056
5830.512
5831.303
5831.474
5831.484
5831.655
5831.704
5834.809
5834.853
5834.915
5835.331
5835.535
5835.66
5835.663
5835.74
5835.746
5835.767
5838.299
5838.303
5838.306
5846.95
5848.129
5848.234
5851.396
5851.421
5856.797
5858.483
5859.446
5861.34
5861.945
5862.044
5862.114
5862.208
5862.234
5862.292
5865.087
5865.147
5865.566
5865.613
5865.729
5868.06
5868.117
5868.156
5868.166
5868.175
5872.177
5872.57
5876.894
5877.46
5877.486
5877.526
5877.544
5877.562
5879.717
5879.954
5880.138
5880.361
5880.496
5880.757
5881.067
5882.134
5882.324
5884.351
5884.386
5884.389
5884.756
5886.888
5905.721
5906.371
5906.432
5907.489
5907.541
5907.556
5907.895
5909.279
5910.089
5910.09
5911.324
5911.342
5911.357
5911.785
5913.384
5914.199
5914.246
5914.448
5914.5
5914.571
5914.841
5914.969
5915.224
5915.23
5915.394
5916.576
5916.612
5916.63
5916.651
5916.657
5917.031
5917.682
5917.834
5917.969
5918.487
5918.597
5919.224
5919.413
5920.374
5921.482
5922.428
5922.452
5922.89
5924.053
5924.054
5924.307
5924.321
5925.65
5927.351
5927.621
5927.63
5928.206
5931.137
5931.54
5932.436
5932.979
5934.217
5934.494
5934.499
5934.589
5938.804
5938.894
5939.256
5939.294
5939.3
5939.302
5939.443
5939.449
5939.492
5940.791
5940.866
5940.867
5940.871
5940.875
5941.487
5942.502
5943.29
5948.284
5948.957
5948.991
5949.147
5950.115
5950.448
5950.497
5950.505
5951.124
5951.665
5952.505
5964.174
5991.85
5994.549
5994.807
5995.136
5996.012
6001.323
6001.379
6001.989
6002.01
6002.051
6002.052
6002.064
6002.079
6002.08
6011.408
6011.435
6011.66
6011.939
6012.747
6013.151
6013.188
6016.573
6024.143
6024.239
6025.952
6027.8
6027.825
6028.15
6029.869
6029.941
6030.431
6030.757
6031.555
6036.773
6036.803
6036.81
6037.047
6037.057
6037.791
6038.601
6039.644
6040.768
6040.868
6040.87
6044.093
6044.837
6044.884
6045.038
6045.115
6047.365
6049.122
6049.733
6051.1
6051.853
6055.118
6055.147
6057.553
6057.973
6058.042
6058.097
6058.175
6062.119
6062.902
6062.903
6063.582
6063.59
6063.944
6063.989
6064.002
6064.031
6064.215
6064.285
6065.548
6069.111
6069.361
6069.384
6069.463
6069.519
6070.003
6070.09
6070.178
6071.49
6071.509
6071.523
6071.617
6071.652
6071.689
6071.69
6072.583
6074.924
6075.902
6075.925
6076.279
6076.466
6077.042
6077.282
6077.305
6077.336
6077.342
6079.522
6080.55
6080.605
6081.704
6082.51
6083.098
6084.934
6084.936
6088.101
6088.292
6091.747
6092.336
6092.685
6093.481
6118.98
6120.151
6122.05
6122.196
6144.697
6144.776
6145.259
6146.07
6147.154
6147.508
6149.899
6149.9
6150.158
6150.281
6150.303
6151.664
6182.231
6187.822
6189.319
6189.966
6190.043
6190.131
6190.227
6190.231
6190.359
6190.682
6191.406
6191.447
