15 112
1  0.001000 
100 101.000000


Type    00  01  10  11 Rho    0.0     1.0     2.0     3.1     4.1     5.1     6.1     7.1     8.2     9.2    10.2    11.2    12.2    13.3    14.3    15.3    16.3    17.3    18.4    19.4    20.4    21.4    22.4    23.5    24.5    25.5    26.5    27.5    28.6    29.6    30.6    31.6    32.6    33.7    34.7    35.7    36.7    37.7    38.8    39.8    40.8    41.8    42.8    43.9    44.9    45.9    46.9    47.9    49.0    50.0    51.0    52.0    53.1    54.1    55.1    56.1    57.1    58.2    59.2    60.2    61.2    62.2    63.3    64.3    65.3    66.3    67.3    68.4    69.4    70.4    71.4    72.4    73.5    74.5    75.5    76.5    77.5    78.6    79.6    80.6    81.6    82.6    83.7    84.7    85.7    86.7    87.7    88.8    89.8    90.8    91.8    92.8    93.9    94.9    95.9    96.9    97.9    99.0   100.0   101.0 

   1 #  14   0   0   1  :   -18.43  -18.87  -19.12  -19.29  -19.41  -19.51  -19.59  -19.65  -19.70  -19.75  -19.79  -19.82  -19.85  -19.88  -19.91  -19.93  -19.95  -19.97  -19.99  -20.01  -20.02  -20.04  -20.05  -20.06  -20.07  -20.09  -20.10  -20.11  -20.11  -20.12  -20.13  -20.14  -20.15  -20.15  -20.16  -20.17  -20.18  -20.18  -20.19  -20.20  -20.20  -20.21  -20.21  -20.22  -20.22  -20.23  -20.23  -20.24  -20.24  -20.24  -20.25  -20.25  -20.26  -20.26  -20.26  -20.27  -20.27  -20.27  -20.27  -20.28  -20.28  -20.28  -20.29  -20.29  -20.29  -20.29  -20.30  -20.30  -20.30  -20.30  -20.30  -20.31  -20.31  -20.31  -20.31  -20.32  -20.32  -20.32  -20.32  -20.32  -20.33  -20.33  -20.33  -20.33  -20.33  -20.34  -20.34  -20.34  -20.34  -20.34  -20.35  -20.35  -20.35  -20.35  -20.35  -20.35  -20.35  -20.36  -20.36  -20.36 
   2 #  13   1   1   0  :   -20.56  -20.55  -20.54  -20.53  -20.53  -20.52  -20.52  -20.52  -20.52  -20.51  -20.51  -20.51  -20.51  -20.51  -20.51  -20.51  -20.51  -20.50  -20.50  -20.50  -20.50  -20.50  -20.50  -20.50  -20.50  -20.50  -20.50  -20.50  -20.50  -20.50  -20.50  -20.50  -20.50  -20.50  -20.50  -20.50  -20.50  -20.50  -20.50  -20.50  -20.49  -20.50  -20.50  -20.50  -20.50  -20.49  -20.49  -20.49  -20.49  -20.49  -20.49  -20.49  -20.49  -20.49  -20.49  -20.49  -20.49  -20.49  -20.49  -20.49  -20.49  -20.49  -20.49  -20.49  -20.49  -20.49  -20.49  -20.49  -20.49  -20.49  -20.49  -20.49  -20.49  -20.49  -20.49  -20.49  -20.49  -20.49  -20.49  -20.49  -20.49  -20.49  -20.49  -20.49  -20.49  -20.49  -20.49  -20.49  -20.49  -20.49  -20.49  -20.49  -20.50  -20.50  -20.50  -20.50  -20.50  -20.50  -20.50  -20.50 
   3 #  13   1   0   1  :   -23.12  -22.86  -22.83  -22.84  -22.85  -22.87  -22.89  -22.90  -22.91  -22.93  -22.93  -22.94  -22.95  -22.96  -22.96  -22.97  -22.97  -22.98  -22.98  -22.98  -22.99  -22.99  -22.99  -22.99  -23.00  -23.00  -23.00  -23.00  -23.00  -23.01  -23.01  -23.01  -23.01  -23.01  -23.01  -23.01  -23.02  -23.02  -23.02  -23.02  -23.02  -23.02  -23.02  -23.02  -23.02  -23.03  -23.03  -23.03  -23.03  -23.03  -23.03  -23.03  -23.03  -23.03  -23.03  -23.03  -23.03  -23.03  -23.03  -23.03  -23.03  -23.03  -23.03  -23.03  -23.03  -23.03  -23.03  -23.04  -23.04  -23.04  -23.04  -23.04  -23.04  -23.04  -23.04  -23.04  -23.04  -23.04  -23.04  -23.04  -23.04  -23.04  -23.04  -23.04  -23.04  -23.04  -23.04  -23.04  -23.04  -23.04  -23.04  -23.05  -23.05  -23.05  -23.05  -23.05  -23.05  -23.05  -23.05  -23.05 
   4 #  12   2   1   0  :   -23.12  -23.11  -23.10  -23.09  -23.08  -23.08  -23.08  -23.07  -23.07  -23.07  -23.07  -23.07  -23.06  -23.06  -23.06  -23.06  -23.06  -23.06  -23.06  -23.06  -23.06  -23.06  -23.06  -23.06  -23.06  -23.05  -23.05  -23.05  -23.05  -23.05  -23.05  -23.05  -23.05  -23.05  -23.05  -23.05  -23.05  -23.05  -23.05  -23.05  -23.05  -23.05  -23.05  -23.05  -23.05  -23.05  -23.05  -23.05  -23.05  -23.05  -23.05  -23.05  -23.05  -23.05  -23.05  -23.05  -23.05  -23.05  -23.05  -23.05  -23.05  -23.05  -23.05  -23.05  -23.05  -23.05  -23.05  -23.05  -23.05  -23.05  -23.05  -23.05  -23.05  -23.05  -23.05  -23.05  -23.05  -23.05  -23.05  -23.05  -23.05  -23.05  -23.05  -23.05  -23.05  -23.05  -23.05  -23.05  -23.05  -23.05  -23.05  -23.05  -23.06  -23.06  -23.06  -23.06  -23.06  -23.06  -23.06  -23.06 
   5 #  13   0   0   2  :   -20.58  -21.20  -21.59  -21.88  -22.10  -22.27  -22.42  -22.54  -22.65  -22.75  -22.84  -22.92  -22.99  -23.05  -23.11  -23.17  -23.22  -23.27  -23.32  -23.36  -23.40  -23.44  -23.48  -23.51  -23.55  -23.58  -23.61  -23.64  -23.67  -23.70  -23.72  -23.75  -23.77  -23.80  -23.82  -23.84  -23.86  -23.88  -23.90  -23.92  -23.94  -23.96  -23.98  -24.00  -24.02  -24.03  -24.05  -24.06  -24.08  -24.09  -24.11  -24.12  -24.14  -24.15  -24.16  -24.18  -24.19  -24.20  -24.21  -24.23  -24.24  -24.25  -24.26  -24.27  -24.28  -24.29  -24.30  -24.31  -24.33  -24.33  -24.34  -24.35  -24.36  -24.37  -24.38  -24.39  -24.40  -24.41  -24.42  -24.43  -24.43  -24.44  -24.45  -24.46  -24.47  -24.48  -24.48  -24.49  -24.50  -24.50  -24.51  -24.52  -24.53  -24.53  -24.54  -24.55  -24.55  -24.56  -24.57  -24.57 
   6 #  12   1   1   1  :   -32.11  -27.81  -27.20  -26.91  -26.73  -26.60  -26.51  -26.44  -26.38  -26.33  -26.29  -26.25  -26.22  -26.19  -26.17  -26.14  -26.12  -26.10  -26.08  -26.07  -26.05  -26.04  -26.03  -26.01  -26.00  -25.99  -25.98  -25.97  -25.96  -25.95  -25.95  -25.94  -25.93  -25.92  -25.92  -25.91  -25.91  -25.90  -25.89  -25.89  -25.88  -25.88  -25.87  -25.87  -25.87  -25.86  -25.86  -25.85  -25.85  -25.85  -25.84  -25.84  -25.84  -25.83  -25.83  -25.83  -25.82  -25.82  -25.82  -25.81  -25.81  -25.81  -25.81  -25.80  -25.80  -25.80  -25.80  -25.80  -25.79  -25.79  -25.79  -25.79  -25.78  -25.78  -25.78  -25.78  -25.78  -25.78  -25.77  -25.77  -25.77  -25.77  -25.77  -25.77  -25.77  -25.76  -25.76  -25.76  -25.76  -25.76  -25.76  -25.76  -25.76  -25.76  -25.76  -25.75  -25.75  -25.75  -25.75  -25.75 
   7 #  11   2   2   0  :   -25.60  -25.59  -25.58  -25.57  -25.57  -25.57  -25.56  -25.56  -25.56  -25.56  -25.56  -25.56  -25.56  -25.56  -25.56  -25.56  -25.56  -25.56  -25.57  -25.57  -25.57  -25.57  -25.57  -25.57  -25.57  -25.57  -25.57  -25.57  -25.57  -25.57  -25.57  -25.57  -25.57  -25.58  -25.58  -25.58  -25.58  -25.58  -25.58  -25.58  -25.58  -25.58  -25.58  -25.58  -25.58  -25.58  -25.58  -25.58  -25.58  -25.58  -25.58  -25.58  -25.58  -25.58  -25.58  -25.58  -25.58  -25.58  -25.58  -25.59  -25.59  -25.59  -25.59  -25.59  -25.59  -25.59  -25.59  -25.59  -25.59  -25.59  -25.59  -25.59  -25.59  -25.59  -25.59  -25.59  -25.59  -25.59  -25.59  -25.59  -25.59  -25.59  -25.59  -25.59  -25.59  -25.59  -25.60  -25.60  -25.60  -25.60  -25.60  -25.60  -25.60  -25.60  -25.60  -25.60  -25.60  -25.60  -25.60  -25.60 
   8 #  12   2   0   1  :   -24.91  -24.77  -24.75  -24.75  -24.76  -24.77  -24.77  -24.78  -24.79  -24.79  -24.80  -24.80  -24.80  -24.81  -24.81  -24.81  -24.81  -24.82  -24.82  -24.82  -24.82  -24.82  -24.82  -24.82  -24.82  -24.82  -24.83  -24.83  -24.83  -24.83  -24.83  -24.83  -24.83  -24.83  -24.83  -24.83  -24.83  -24.83  -24.83  -24.83  -24.83  -24.83  -24.83  -24.83  -24.83  -24.84  -24.84  -24.84  -24.84  -24.84  -24.84  -24.84  -24.84  -24.84  -24.84  -24.84  -24.84  -24.84  -24.84  -24.84  -24.84  -24.84  -24.84  -24.84  -24.84  -24.84  -24.84  -24.84  -24.84  -24.84  -24.84  -24.84  -24.84  -24.84  -24.84  -24.84  -24.84  -24.84  -24.84  -24.84  -24.84  -24.84  -24.84  -24.84  -24.84  -24.84  -24.84  -24.84  -24.84  -24.84  -24.84  -24.84  -24.84  -24.84  -24.84  -24.85  -24.85  -24.85  -24.85  -24.85 
   9 #  11   3   1   0  :   -24.91  -24.90  -24.89  -24.88  -24.87  -24.86  -24.86  -24.86  -24.86  -24.86  -24.85  -24.85  -24.85  -24.85  -24.85  -24.85  -24.85  -24.85  -24.84  -24.85  -24.84  -24.84  -24.84  -24.84  -24.84  -24.84  -24.84  -24.84  -24.84  -24.84  -24.84  -24.84  -24.84  -24.84  -24.84  -24.84  -24.84  -24.84  -24.84  -24.84  -24.84  -24.84  -24.84  -24.84  -24.84  -24.84  -24.84  -24.84  -24.84  -24.84  -24.84  -24.84  -24.84  -24.84  -24.84  -24.84  -24.84  -24.84  -24.84  -24.84  -24.84  -24.84  -24.84  -24.84  -24.84  -24.84  -24.84  -24.84  -24.84  -24.84  -24.84  -24.84  -24.84  -24.84  -24.84  -24.84  -24.84  -24.84  -24.84  -24.84  -24.84  -24.84  -24.84  -24.84  -24.84  -24.84  -24.84  -24.84  -24.84  -24.84  -24.85  -24.84  -24.85  -24.85  -24.85  -24.85  -24.85  -24.85  -24.85  -24.85 
  10 #  12   1   0   2  :   -25.59  -25.20  -25.22  -25.29  -25.38  -25.45  -25.52  -25.59  -25.65  -25.70  -25.75  -25.79  -25.83  -25.87  -25.91  -25.94  -25.97  -26.00  -26.03  -26.06  -26.09  -26.11  -26.13  -26.16  -26.18  -26.20  -26.22  -26.24  -26.25  -26.27  -26.29  -26.30  -26.32  -26.33  -26.35  -26.36  -26.38  -26.39  -26.40  -26.42  -26.43  -26.44  -26.45  -26.46  -26.47  -26.49  -26.50  -26.51  -26.52  -26.53  -26.54  -26.54  -26.55  -26.56  -26.57  -26.58  -26.59  -26.60  -26.60  -26.61  -26.62  -26.63  -26.63  -26.64  -26.65  -26.65  -26.66  -26.67  -26.67  -26.68  -26.69  -26.69  -26.70  -26.70  -26.71  -26.72  -26.72  -26.73  -26.73  -26.74  -26.74  -26.75  -26.75  -26.76  -26.76  -26.77  -26.77  -26.78  -26.78  -26.79  -26.79  -26.80  -26.80  -26.81  -26.81  -26.82  -26.82  -26.82  -26.83  -26.83 
  11 #  11   2   1   1  :   -34.20  -29.88  -29.25  -28.92  -28.71  -28.57  -28.46  -28.37  -28.30  -28.24  -28.19  -28.14  -28.10  -28.07  -28.04  -28.01  -27.98  -27.96  -27.94  -27.92  -27.90  -27.89  -27.87  -27.85  -27.84  -27.83  -27.82  -27.80  -27.79  -27.78  -27.77  -27.77  -27.76  -27.75  -27.74  -27.73  -27.73  -27.72  -27.71  -27.71  -27.70  -27.70  -27.69  -27.68  -27.68  -27.67  -27.67  -27.67  -27.66  -27.66  -27.65  -27.65  -27.64  -27.64  -27.64  -27.63  -27.63  -27.63  -27.62  -27.62  -27.62  -27.61  -27.61  -27.61  -27.61  -27.60  -27.60  -27.60  -27.60  -27.59  -27.59  -27.59  -27.59  -27.59  -27.58  -27.58  -27.58  -27.58  -27.58  -27.57  -27.57  -27.57  -27.57  -27.57  -27.57  -27.56  -27.56  -27.56  -27.56  -27.56  -27.56  -27.56  -27.56  -27.55  -27.55  -27.55  -27.55  -27.55  -27.55  -27.55 
  12 #  10   3   2   0  :   -27.30  -27.29  -27.29  -27.28  -27.28  -27.28  -27.28  -27.28  -27.28  -27.29  -27.29  -27.29  -27.29  -27.29  -27.30  -27.30  -27.30  -27.30  -27.31  -27.31  -27.31  -27.31  -27.31  -27.31  -27.32  -27.32  -27.32  -27.32  -27.32  -27.32  -27.33  -27.33  -27.33  -27.33  -27.33  -27.33  -27.33  -27.34  -27.34  -27.34  -27.34  -27.34  -27.34  -27.34  -27.34  -27.34  -27.34  -27.35  -27.35  -27.35  -27.35  -27.35  -27.35  -27.35  -27.35  -27.35  -27.35  -27.35  -27.35  -27.35  -27.35  -27.35  -27.36  -27.36  -27.36  -27.36  -27.36  -27.36  -27.36  -27.36  -27.36  -27.36  -27.36  -27.36  -27.36  -27.36  -27.36  -27.36  -27.36  -27.37  -27.37  -27.37  -27.37  -27.37  -27.37  -27.37  -27.37  -27.37  -27.37  -27.37  -27.37  -27.37  -27.37  -27.37  -27.37  -27.38  -27.38  -27.38  -27.38  -27.38 
  13 #  12   0   0   3  :   -22.14  -22.89  -23.41  -23.79  -24.09  -24.34  -24.55  -24.73  -24.89  -25.04  -25.17  -25.29  -25.39  -25.49  -25.59  -25.68  -25.76  -25.83  -25.91  -25.97  -26.04  -26.10  -26.16  -26.22  -26.27  -26.32  -26.37  -26.42  -26.47  -26.51  -26.55  -26.59  -26.63  -26.67  -26.71  -26.74  -26.78  -26.81  -26.84  -26.88  -26.91  -26.94  -26.97  -27.00  -27.02  -27.05  -27.08  -27.10  -27.13  -27.15  -27.18  -27.20  -27.22  -27.24  -27.27  -27.29  -27.31  -27.33  -27.35  -27.37  -27.39  -27.40  -27.42  -27.44  -27.46  -27.48  -27.49  -27.51  -27.53  -27.54  -27.56  -27.57  -27.59  -27.60  -27.62  -27.63  -27.65  -27.66  -27.67  -27.69  -27.70  -27.71  -27.73  -27.74  -27.75  -27.76  -27.78  -27.79  -27.80  -27.81  -27.82  -27.83  -27.84  -27.85  -27.87  -27.88  -27.89  -27.90  -27.91  -27.92 
  14 #  11   1   1   2  :   -34.54  -29.75  -29.20  -28.97  -28.85  -28.79  -28.75  -28.73  -28.71  -28.71  -28.70  -28.70  -28.70  -28.70  -28.71  -28.71  -28.71  -28.72  -28.72  -28.73  -28.73  -28.74  -28.74  -28.75  -28.75  -28.76  -28.76  -28.77  -28.77  -28.78  -28.78  -28.79  -28.79  -28.80  -28.80  -28.81  -28.81  -28.82  -28.82  -28.82  -28.83  -28.83  -28.84  -28.84  -28.84  -28.85  -28.85  -28.85  -28.86  -28.86  -28.86  -28.87  -28.87  -28.87  -28.88  -28.88  -28.88  -28.89  -28.89  -28.89  -28.89  -28.90  -28.90  -28.90  -28.91  -28.91  -28.91  -28.91  -28.92  -28.92  -28.92  -28.92  -28.92  -28.93  -28.93  -28.93  -28.93  -28.94  -28.94  -28.94  -28.94  -28.94  -28.95  -28.95  -28.95  -28.95  -28.95  -28.96  -28.96  -28.96  -28.96  -28.96  -28.97  -28.97  -28.97  -28.97  -28.97  -28.98  -28.98  -28.98 
  15 #  10   2   2   1  :   -36.33  -31.90  -31.23  -30.88  -30.65  -30.48  -30.36  -30.26  -30.18  -30.11  -30.05  -30.00  -29.95  -29.91  -29.88  -29.85  -29.82  -29.79  -29.77  -29.74  -29.72  -29.71  -29.69  -29.67  -29.66  -29.64  -29.63  -29.62  -29.60  -29.59  -29.58  -29.57  -29.56  -29.55  -29.55  -29.54  -29.53  -29.52  -29.51  -29.51  -29.50  -29.50  -29.49  -29.48  -29.48  -29.47  -29.47  -29.46  -29.46  -29.45  -29.45  -29.44  -29.44  -29.44  -29.43  -29.43  -29.42  -29.42  -29.42  -29.41  -29.41  -29.41  -29.40  -29.40  -29.40  -29.40  -29.39  -29.39  -29.39  -29.39  -29.38  -29.38  -29.38  -29.38  -29.38  -29.37  -29.37  -29.37  -29.37  -29.37  -29.36  -29.36  -29.36  -29.36  -29.36  -29.36  -29.35  -29.35  -29.35  -29.35  -29.35  -29.35  -29.35  -29.35  -29.34  -29.34  -29.34  -29.34  -29.34  -29.34 
  16 #   9   3   3   0  :   -28.91  -28.90  -28.90  -28.90  -28.90  -28.91  -28.92  -28.93  -28.93  -28.94  -28.95  -28.96  -28.96  -28.97  -28.98  -28.98  -28.99  -28.99  -29.00  -29.00  -29.01  -29.01  -29.02  -29.02  -29.02  -29.03  -29.03  -29.04  -29.04  -29.04  -29.05  -29.05  -29.05  -29.05  -29.06  -29.06  -29.06  -29.06  -29.07  -29.07  -29.07  -29.07  -29.08  -29.08  -29.08  -29.08  -29.08  -29.09  -29.09  -29.09  -29.09  -29.09  -29.09  -29.09  -29.10  -29.10  -29.10  -29.10  -29.10  -29.10  -29.10  -29.11  -29.11  -29.11  -29.11  -29.11  -29.11  -29.11  -29.11  -29.11  -29.12  -29.12  -29.12  -29.12  -29.12  -29.12  -29.12  -29.12  -29.12  -29.12  -29.12  -29.13  -29.13  -29.13  -29.13  -29.13  -29.13  -29.13  -29.13  -29.13  -29.13  -29.14  -29.14  -29.14  -29.14  -29.14  -29.14  -29.14  -29.14  -29.14 
  17 #  11   3   0   1  :   -26.21  -26.12  -26.10  -26.10  -26.10  -26.10  -26.11  -26.11  -26.11  -26.12  -26.12  -26.12  -26.12  -26.13  -26.13  -26.13  -26.13  -26.13  -26.13  -26.13  -26.13  -26.13  -26.13  -26.13  -26.13  -26.13  -26.13  -26.13  -26.13  -26.13  -26.13  -26.14  -26.14  -26.14  -26.14  -26.14  -26.14  -26.14  -26.14  -26.14  -26.14  -26.14  -26.14  -26.14  -26.14  -26.14  -26.14  -26.14  -26.14  -26.14  -26.14  -26.14  -26.14  -26.14  -26.14  -26.14  -26.14  -26.14  -26.14  -26.14  -26.14  -26.14  -26.14  -26.14  -26.14  -26.14  -26.14  -26.14  -26.14  -26.14  -26.14  -26.14  -26.14  -26.14  -26.14  -26.14  -26.14  -26.14  -26.14  -26.14  -26.14  -26.14  -26.14  -26.14  -26.14  -26.14  -26.14  -26.14  -26.14  -26.14  -26.14  -26.14  -26.14  -26.14  -26.14  -26.15  -26.15  -26.15  -26.15  -26.15 
  18 #  10   4   1   0  :   -26.21  -26.19  -26.18  -26.17  -26.16  -26.16  -26.16  -26.15  -26.15  -26.15  -26.15  -26.15  -26.15  -26.15  -26.14  -26.14  -26.14  -26.14  -26.14  -26.14  -26.14  -26.14  -26.14  -26.14  -26.14  -26.14  -26.14  -26.14  -26.14  -26.14  -26.14  -26.14  -26.14  -26.14  -26.14  -26.14  -26.14  -26.14  -26.14  -26.14  -26.14  -26.14  -26.14  -26.14  -26.14  -26.14  -26.14  -26.14  -26.14  -26.14  -26.14  -26.14  -26.14  -26.14  -26.14  -26.14  -26.14  -26.14  -26.14  -26.14  -26.14  -26.14  -26.14  -26.14  -26.14  -26.14  -26.14  -26.14  -26.14  -26.14  -26.14  -26.14  -26.14  -26.14  -26.14  -26.14  -26.14  -26.14  -26.14  -26.14  -26.14  -26.14  -26.14  -26.14  -26.14  -26.14  -26.14  -26.14  -26.14  -26.14  -26.14  -26.14  -26.14  -26.14  -26.14  -26.15  -26.15  -26.15  -26.15  -26.15 
  19 #  11   2   0   2  :   -27.30  -27.10  -27.12  -27.17  -27.23  -27.28  -27.33  -27.38  -27.42  -27.46  -27.50  -27.53  -27.57  -27.60  -27.62  -27.65  -27.67  -27.70  -27.72  -27.74  -27.76  -27.78  -27.79  -27.81  -27.83  -27.84  -27.86  -27.87  -27.89  -27.90  -27.91  -27.93  -27.94  -27.95  -27.96  -27.97  -27.98  -27.99  -28.00  -28.01  -28.02  -28.03  -28.04  -28.05  -28.06  -28.06  -28.07  -28.08  -28.09  -28.09  -28.10  -28.11  -28.11  -28.12  -28.13  -28.13  -28.14  -28.15  -28.15  -28.16  -28.16  -28.17  -28.17  -28.18  -28.18  -28.19  -28.19  -28.20  -28.20  -28.21  -28.21  -28.22  -28.22  -28.23  -28.23  -28.24  -28.24  -28.24  -28.25  -28.25  -28.26  -28.26  -28.26  -28.27  -28.27  -28.27  -28.28  -28.28  -28.29  -28.29  -28.29  -28.30  -28.30  -28.30  -28.31  -28.31  -28.31  -28.32  -28.32  -28.32 
  20 #  10   3   1   1  :   -35.61  -31.30  -30.65  -30.31  -30.09  -29.93  -29.82  -29.72  -29.64  -29.58  -29.52  -29.48  -29.43  -29.40  -29.36  -29.33  -29.31  -29.28  -29.26  -29.24  -29.22  -29.20  -29.18  -29.17  -29.15  -29.14  -29.13  -29.11  -29.10  -29.09  -29.08  -29.07  -29.06  -29.06  -29.05  -29.04  -29.03  -29.03  -29.02  -29.01  -29.01  -29.00  -28.99  -28.99  -28.98  -28.98  -28.97  -28.97  -28.96  -28.96  -28.96  -28.95  -28.95  -28.94  -28.94  -28.94  -28.93  -28.93  -28.93  -28.92  -28.92  -28.92  -28.91  -28.91  -28.91  -28.90  -28.90  -28.90  -28.90  -28.89  -28.89  -28.89  -28.89  -28.89  -28.88  -28.88  -28.88  -28.88  -28.88  -28.87  -28.87  -28.87  -28.87  -28.87  -28.87  -28.87  -28.86  -28.86  -28.86  -28.86  -28.86  -28.86  -28.86  -28.86  -28.85  -28.85  -28.85  -28.85  -28.85  -28.85 
  21 #   9   4   2   0  :   -28.50  -28.49  -28.49  -28.49  -28.49  -28.49  -28.50  -28.50  -28.51  -28.51  -28.52  -28.52  -28.53  -28.53  -28.54  -28.54  -28.54  -28.55  -28.55  -28.55  -28.56  -28.56  -28.56  -28.57  -28.57  -28.57  -28.58  -28.58  -28.58  -28.58  -28.59  -28.59  -28.59  -28.59  -28.59  -28.60  -28.60  -28.60  -28.60  -28.60  -28.60  -28.61  -28.61  -28.61  -28.61  -28.61  -28.61  -28.62  -28.62  -28.62  -28.62  -28.62  -28.62  -28.62  -28.62  -28.62  -28.62  -28.63  -28.63  -28.63  -28.63  -28.63  -28.63  -28.63  -28.63  -28.63  -28.63  -28.64  -28.64  -28.64  -28.64  -28.64  -28.64  -28.64  -28.64  -28.64  -28.64  -28.64  -28.64  -28.65  -28.65  -28.65  -28.65  -28.65  -28.65  -28.65  -28.65  -28.65  -28.65  -28.65  -28.65  -28.65  -28.66  -28.66  -28.66  -28.66  -28.66  -28.66  -28.66  -28.66 
  22 #  11   1   0   3  :   -27.29  -26.80  -26.88  -27.02  -27.16  -27.29  -27.42  -27.53  -27.63  -27.73  -27.81  -27.89  -27.97  -28.03  -28.10  -28.16  -28.22  -28.27  -28.32  -28.37  -28.42  -28.46  -28.50  -28.54  -28.58  -28.62  -28.66  -28.69  -28.72  -28.75  -28.78  -28.81  -28.84  -28.87  -28.90  -28.92  -28.95  -28.97  -28.99  -29.01  -29.04  -29.06  -29.08  -29.10  -29.12  -29.14  -29.16  -29.17  -29.19  -29.21  -29.22  -29.24  -29.26  -29.27  -29.29  -29.30  -29.32  -29.33  -29.34  -29.36  -29.37  -29.38  -29.39  -29.41  -29.42  -29.43  -29.44  -29.45  -29.46  -29.47  -29.49  -29.50  -29.51  -29.52  -29.53  -29.54  -29.54  -29.55  -29.56  -29.57  -29.58  -29.59  -29.60  -29.61  -29.61  -29.62  -29.63  -29.64  -29.65  -29.65  -29.66  -29.67  -29.68  -29.68  -29.69  -29.70  -29.70  -29.71  -29.72  -29.73 
  23 #  10   2   1   2  :   -36.54  -31.82  -31.21  -30.93  -30.77  -30.67  -30.60  -30.55  -30.51  -30.48  -30.46  -30.44  -30.42  -30.41  -30.40  -30.39  -30.39  -30.38  -30.38  -30.37  -30.37  -30.37  -30.37  -30.36  -30.36  -30.36  -30.36  -30.36  -30.36  -30.36  -30.36  -30.36  -30.36  -30.36  -30.36  -30.36  -30.36  -30.36  -30.36  -30.36  -30.36  -30.36  -30.36  -30.37  -30.37  -30.37  -30.37  -30.37  -30.37  -30.37  -30.37  -30.37  -30.37  -30.37  -30.37  -30.38  -30.38  -30.38  -30.38  -30.38  -30.38  -30.38  -30.38  -30.38  -30.38  -30.38  -30.38  -30.39  -30.39  -30.39  -30.39  -30.39  -30.39  -30.39  -30.39  -30.39  -30.39  -30.39  -30.39  -30.39  -30.40  -30.40  -30.40  -30.40  -30.40  -30.40  -30.40  -30.40  -30.40  -30.40  -30.40  -30.41  -30.41  -30.41  -30.41  -30.41  -30.41  -30.41  -30.41  -30.41 
  24 #   9   3   2   1  :   -37.71  -33.22  -32.55  -32.19  -31.96  -31.79  -31.66  -31.55  -31.47  -31.40  -31.34  -31.29  -31.24  -31.20  -31.16  -31.13  -31.10  -31.07  -31.05  -31.03  -31.01  -30.99  -30.97  -30.95  -30.94  -30.92  -30.91  -30.90  -30.89  -30.88  -30.87  -30.86  -30.85  -30.84  -30.83  -30.82  -30.81  -30.81  -30.80  -30.79  -30.79  -30.78  -30.77  -30.77  -30.76  -30.76  -30.75  -30.75  -30.74  -30.74  -30.73  -30.73  -30.73  -30.72  -30.72  -30.71  -30.71  -30.71  -30.70  -30.70  -30.70  -30.70  -30.69  -30.69  -30.69  -30.68  -30.68  -30.68  -30.68  -30.67  -30.67  -30.67  -30.67  -30.67  -30.66  -30.66  -30.66  -30.66  -30.66  -30.65  -30.65  -30.65  -30.65  -30.65  -30.65  -30.65  -30.64  -30.64  -30.64  -30.64  -30.64  -30.64  -30.64  -30.64  -30.63  -30.63  -30.63  -30.63  -30.63  -30.63 
  25 #   8   4   3   0  :   -30.00  -29.99  -30.00  -30.01  -30.02  -30.04  -30.05  -30.07  -30.08  -30.10  -30.11  -30.12  -30.13  -30.14  -30.15  -30.16  -30.17  -30.18  -30.19  -30.20  -30.21  -30.21  -30.22  -30.23  -30.23  -30.24  -30.25  -30.25  -30.26  -30.26  -30.27  -30.27  -30.28  -30.28  -30.29  -30.29  -30.29  -30.30  -30.30  -30.30  -30.31  -30.31  -30.31  -30.32  -30.32  -30.32  -30.33  -30.33  -30.33  -30.33  -30.34  -30.34  -30.34  -30.34  -30.35  -30.35  -30.35  -30.35  -30.35  -30.36  -30.36  -30.36  -30.36  -30.36  -30.37  -30.37  -30.37  -30.37  -30.37  -30.37  -30.37  -30.38  -30.38  -30.38  -30.38  -30.38  -30.38  -30.38  -30.39  -30.39  -30.39  -30.39  -30.39  -30.39  -30.39  -30.40  -30.40  -30.40  -30.40  -30.40  -30.40  -30.40  -30.40  -30.41  -30.41  -30.41  -30.41  -30.41  -30.41  -30.41 
  26 #  11   0   0   4  :   -23.30  -24.16  -24.76  -25.23  -25.60  -25.92  -26.19  -26.42  -26.63  -26.82  -26.99  -27.15  -27.29  -27.42  -27.55  -27.66  -27.77  -27.87  -27.97  -28.06  -28.15  -28.23  -28.31  -28.38  -28.45  -28.52  -28.59  -28.65  -28.71  -28.77  -28.82  -28.88  -28.93  -28.98  -29.03  -29.08  -29.12  -29.17  -29.21  -29.25  -29.29  -29.33  -29.37  -29.40  -29.44  -29.47  -29.51  -29.54  -29.57  -29.60  -29.63  -29.66  -29.69  -29.72  -29.75  -29.77  -29.80  -29.83  -29.85  -29.88  -29.90  -29.92  -29.95  -29.97  -29.99  -30.01  -30.03  -30.05  -30.07  -30.09  -30.11  -30.13  -30.15  -30.16  -30.18  -30.20  -30.22  -30.23  -30.25  -30.27  -30.28  -30.30  -30.31  -30.33  -30.34  -30.36  -30.37  -30.38  -30.40  -30.41  -30.43  -30.44  -30.45  -30.46  -30.48  -30.49  -30.50  -30.51  -30.52  -30.54 
  27 #  10   1   1   3  :   -36.17  -31.08  -30.57  -30.40  -30.34  -30.32  -30.33  -30.35  -30.38  -30.40  -30.43  -30.46  -30.49  -30.52  -30.55  -30.58  -30.61  -30.63  -30.66  -30.68  -30.70  -30.73  -30.75  -30.77  -30.79  -30.81  -30.82  -30.84  -30.86  -30.88  -30.89  -30.91  -30.92  -30.94  -30.95  -30.96  -30.98  -30.99  -31.00  -31.02  -31.03  -31.04  -31.05  -31.06  -31.07  -31.08  -31.09  -31.10  -31.11  -31.12  -31.13  -31.14  -31.14  -31.15  -31.16  -31.17  -31.18  -31.18  -31.19  -31.20  -31.21  -31.21  -31.22  -31.23  -31.23  -31.24  -31.24  -31.25  -31.26  -31.26  -31.27  -31.27  -31.28  -31.28  -31.29  -31.29  -31.30  -31.30  -31.31  -31.31  -31.32  -31.32  -31.33  -31.33  -31.34  -31.34  -31.35  -31.35  -31.35  -31.36  -31.36  -31.37  -31.37  -31.38  -31.38  -31.38  -31.39  -31.39  -31.40  -31.40 
  28 #   9   2   2   2  :   -38.58  -33.84  -33.17  -32.84  -32.64  -32.50  -32.39  -32.32  -32.25  -32.20  -32.16  -32.13  -32.10  -32.07  -32.05  -32.03  -32.01  -32.00  -31.98  -31.97  -31.96  -31.95  -31.94  -31.93  -31.93  -31.92  -31.91  -31.91  -31.90  -31.90  -31.89  -31.89  -31.88  -31.88  -31.87  -31.87  -31.87  -31.86  -31.86  -31.86  -31.86  -31.85  -31.85  -31.85  -31.85  -31.85  -31.84  -31.84  -31.84  -31.84  -31.84  -31.84  -31.83  -31.83  -31.83  -31.83  -31.83  -31.83  -31.83  -31.83  -31.83  -31.83  -31.82  -31.82  -31.82  -31.82  -31.82  -31.82  -31.82  -31.82  -31.82  -31.82  -31.82  -31.82  -31.82  -31.82  -31.82  -31.82  -31.82  -31.82  -31.81  -31.81  -31.81  -31.81  -31.81  -31.81  -31.81  -31.81  -31.81  -31.81  -31.81  -31.81  -31.81  -31.81  -31.81  -31.81  -31.81  -31.81  -31.81  -31.81 
  29 #   8   3   3   1  :   -39.04  -34.44  -33.77  -33.41  -33.17  -33.00  -32.88  -32.77  -32.69  -32.62  -32.56  -32.51  -32.47  -32.43  -32.39  -32.36  -32.33  -32.31  -32.29  -32.27  -32.25  -32.23  -32.21  -32.20  -32.18  -32.17  -32.16  -32.15  -32.14  -32.13  -32.12  -32.11  -32.10  -32.09  -32.08  -32.08  -32.07  -32.06  -32.06  -32.05  -32.04  -32.04  -32.03  -32.03  -32.02  -32.02  -32.01  -32.01  -32.01  -32.00  -32.00  -31.99  -31.99  -31.99  -31.98  -31.98  -31.98  -31.98  -31.97  -31.97  -31.97  -31.96  -31.96  -31.96  -31.96  -31.95  -31.95  -31.95  -31.95  -31.95  -31.94  -31.94  -31.94  -31.94  -31.94  -31.94  -31.93  -31.93  -31.93  -31.93  -31.93  -31.93  -31.92  -31.92  -31.92  -31.92  -31.92  -31.92  -31.92  -31.92  -31.92  -31.92  -31.91  -31.91  -31.91  -31.91  -31.91  -31.91  -31.91  -31.91 
  30 #   7   4   4   0  :   -30.98  -30.97  -30.99  -31.01  -31.04  -31.06  -31.09  -31.12  -31.14  -31.16  -31.19  -31.21  -31.23  -31.25  -31.26  -31.28  -31.30  -31.31  -31.32  -31.34  -31.35  -31.36  -31.37  -31.38  -31.39  -31.40  -31.41  -31.42  -31.43  -31.44  -31.45  -31.46  -31.46  -31.47  -31.48  -31.48  -31.49  -31.49  -31.50  -31.51  -31.51  -31.52  -31.52  -31.53  -31.53  -31.54  -31.54  -31.54  -31.55  -31.55  -31.56  -31.56  -31.56  -31.57  -31.57  -31.57  -31.58  -31.58  -31.58  -31.59  -31.59  -31.59  -31.60  -31.60  -31.60  -31.60  -31.61  -31.61  -31.61  -31.61  -31.61  -31.62  -31.62  -31.62  -31.62  -31.63  -31.63  -31.63  -31.63  -31.63  -31.64  -31.64  -31.64  -31.64  -31.64  -31.64  -31.65  -31.65  -31.65  -31.65  -31.65  -31.66  -31.66  -31.66  -31.66  -31.66  -31.66  -31.67  -31.67  -31.67 
  31 #  10   4   0   1  :   -27.12  -27.06  -27.04  -27.04  -27.04  -27.04  -27.04  -27.04  -27.04  -27.05  -27.05  -27.05  -27.05  -27.05  -27.05  -27.05  -27.05  -27.05  -27.05  -27.05  -27.05  -27.05  -27.05  -27.05  -27.05  -27.05  -27.05  -27.05  -27.05  -27.05  -27.05  -27.05  -27.05  -27.05  -27.05  -27.05  -27.05  -27.05  -27.05  -27.06  -27.05  -27.06  -27.06  -27.06  -27.06  -27.06  -27.06  -27.06  -27.06  -27.06  -27.06  -27.06  -27.06  -27.06  -27.06  -27.06  -27.06  -27.06  -27.06  -27.06  -27.05  -27.06  -27.05  -27.05  -27.06  -27.06  -27.06  -27.06  -27.06  -27.06  -27.06  -27.06  -27.06  -27.06  -27.06  -27.06  -27.06  -27.06  -27.06  -27.06  -27.06  -27.06  -27.06  -27.06  -27.06  -27.06  -27.06  -27.06  -27.06  -27.06  -27.06  -27.06  -27.06  -27.06  -27.06  -27.06  -27.06  -27.06  -27.06  -27.06 
  32 #   9   5   1   0  :   -27.12  -27.10  -27.09  -27.08  -27.07  -27.07  -27.07  -27.07  -27.06  -27.06  -27.06  -27.06  -27.06  -27.06  -27.06  -27.06  -27.06  -27.06  -27.06  -27.06  -27.06  -27.06  -27.06  -27.06  -27.06  -27.06  -27.06  -27.06  -27.06  -27.06  -27.06  -27.06  -27.06  -27.06  -27.06  -27.05  -27.06  -27.05  -27.06  -27.06  -27.06  -27.06  -27.06  -27.06  -27.06  -27.06  -27.06  -27.06  -27.06  -27.06  -27.06  -27.06  -27.06  -27.06  -27.06  -27.06  -27.06  -27.06  -27.06  -27.06  -27.06  -27.06  -27.06  -27.06  -27.06  -27.06  -27.06  -27.06  -27.06  -27.06  -27.06  -27.06  -27.06  -27.06  -27.06  -27.06  -27.06  -27.06  -27.06  -27.06  -27.06  -27.06  -27.06  -27.06  -27.06  -27.06  -27.06  -27.06  -27.06  -27.06  -27.06  -27.06  -27.06  -27.06  -27.06  -27.06  -27.06  -27.06  -27.06  -27.06 
  33 #  10   3   0   2  :   -28.49  -28.39  -28.41  -28.44  -28.48  -28.52  -28.56  -28.60  -28.64  -28.67  -28.70  -28.72  -28.75  -28.77  -28.79  -28.81  -28.83  -28.85  -28.87  -28.89  -28.90  -28.92  -28.93  -28.95  -28.96  -28.97  -28.98  -28.99  -29.01  -29.02  -29.03  -29.04  -29.05  -29.05  -29.06  -29.07  -29.08  -29.09  -29.10  -29.10  -29.11  -29.12  -29.13  -29.13  -29.14  -29.15  -29.15  -29.16  -29.16  -29.17  -29.18  -29.18  -29.19  -29.19  -29.20  -29.20  -29.21  -29.21  -29.21  -29.22  -29.22  -29.23  -29.23  -29.24  -29.24  -29.24  -29.25  -29.25  -29.25  -29.26  -29.26  -29.27  -29.27  -29.27  -29.28  -29.28  -29.28  -29.29  -29.29  -29.29  -29.29  -29.30  -29.30  -29.30  -29.31  -29.31  -29.31  -29.31  -29.32  -29.32  -29.32  -29.33  -29.33  -29.33  -29.33  -29.34  -29.34  -29.34  -29.34  -29.35 
  34 #   9   4   1   1  :   -36.58  -32.27  -31.62  -31.27  -31.05  -30.88  -30.76  -30.66  -30.58  -30.51  -30.46  -30.41  -30.36  -30.32  -30.29  -30.26  -30.23  -30.20  -30.18  -30.16  -30.14  -30.12  -30.10  -30.09  -30.07  -30.06  -30.05  -30.03  -30.02  -30.01  -30.00  -29.99  -29.98  -29.97  -29.97  -29.96  -29.95  -29.94  -29.94  -29.93  -29.92  -29.92  -29.91  -29.91  -29.90  -29.90  -29.89  -29.89  -29.88  -29.88  -29.87  -29.87  -29.86  -29.86  -29.86  -29.85  -29.85  -29.85  -29.84  -29.84  -29.84  -29.83  -29.83  -29.83  -29.82  -29.82  -29.82  -29.82  -29.81  -29.81  -29.81  -29.81  -29.80  -29.80  -29.80  -29.80  -29.80  -29.79  -29.79  -29.79  -29.79  -29.79  -29.79  -29.78  -29.78  -29.78  -29.78  -29.78  -29.78  -29.78  -29.77  -29.77  -29.77  -29.77  -29.77  -29.77  -29.77  -29.77  -29.77  -29.77 
  35 #   8   5   2   0  :   -29.30  -29.29  -29.30  -29.30  -29.31  -29.32  -29.32  -29.33  -29.34  -29.35  -29.36  -29.36  -29.37  -29.38  -29.38  -29.39  -29.40  -29.40  -29.41  -29.41  -29.42  -29.42  -29.43  -29.43  -29.44  -29.44  -29.44  -29.45  -29.45  -29.45  -29.46  -29.46  -29.46  -29.47  -29.47  -29.47  -29.47  -29.48  -29.48  -29.48  -29.48  -29.49  -29.49  -29.49  -29.49  -29.49  -29.50  -29.50  -29.50  -29.50  -29.50  -29.50  -29.51  -29.51  -29.51  -29.51  -29.51  -29.51  -29.51  -29.52  -29.52  -29.52  -29.52  -29.52  -29.52  -29.52  -29.52  -29.53  -29.53  -29.53  -29.53  -29.53  -29.53  -29.53  -29.53  -29.53  -29.54  -29.54  -29.54  -29.54  -29.54  -29.54  -29.54  -29.54  -29.54  -29.54  -29.55  -29.55  -29.55  -29.55  -29.55  -29.55  -29.55  -29.55  -29.55  -29.55  -29.56  -29.56  -29.56  -29.56 
  36 #  10   2   0   3  :   -28.89  -28.67  -28.72  -28.82  -28.92  -29.02  -29.11  -29.20  -29.27  -29.35  -29.41  -29.48  -29.53  -29.59  -29.64  -29.69  -29.73  -29.78  -29.82  -29.85  -29.89  -29.92  -29.96  -29.99  -30.02  -30.05  -30.08  -30.10  -30.13  -30.15  -30.18  -30.20  -30.22  -30.24  -30.26  -30.28  -30.30  -30.32  -30.34  -30.35  -30.37  -30.39  -30.40  -30.42  -30.43  -30.45  -30.46  -30.47  -30.49  -30.50  -30.51  -30.52  -30.54  -30.55  -30.56  -30.57  -30.58  -30.59  -30.60  -30.61  -30.62  -30.63  -30.64  -30.65  -30.66  -30.67  -30.67  -30.68  -30.69  -30.70  -30.71  -30.71  -30.72  -30.73  -30.74  -30.74  -30.75  -30.76  -30.76  -30.77  -30.78  -30.78  -30.79  -30.80  -30.80  -30.81  -30.81  -30.82  -30.82  -30.83  -30.84  -30.84  -30.85  -30.85  -30.86  -30.86  -30.87  -30.87  -30.88  -30.88 
  37 #   9   3   1   2  :   -37.85  -33.18  -32.55  -32.24  -32.05  -31.93  -31.84  -31.77  -31.72  -31.68  -31.64  -31.61  -31.59  -31.57  -31.55  -31.54  -31.52  -31.51  -31.50  -31.49  -31.48  -31.48  -31.47  -31.46  -31.46  -31.45  -31.45  -31.44  -31.44  -31.44  -31.43  -31.43  -31.43  -31.43  -31.42  -31.42  -31.42  -31.42  -31.42  -31.42  -31.41  -31.41  -31.41  -31.41  -31.41  -31.41  -31.41  -31.41  -31.41  -31.40  -31.40  -31.40  -31.40  -31.40  -31.40  -31.40  -31.40  -31.40  -31.40  -31.40  -31.40  -31.40  -31.40  -31.40  -31.40  -31.40  -31.40  -31.40  -31.40  -31.40  -31.40  -31.40  -31.40  -31.40  -31.40  -31.40  -31.40  -31.40  -31.40  -31.40  -31.40  -31.40  -31.40  -31.40  -31.40  -31.40  -31.40  -31.40  -31.40  -31.40  -31.40  -31.40  -31.40  -31.40  -31.40  -31.40  -31.40  -31.40  -31.40  -31.40 
  38 #   8   4   2   1  :   -38.62  -34.09  -33.42  -33.06  -32.83  -32.66  -32.53  -32.43  -32.34  -32.27  -32.21  -32.16  -32.12  -32.08  -32.04  -32.01  -31.98  -31.95  -31.93  -31.91  -31.89  -31.87  -31.85  -31.84  -31.82  -31.81  -31.80  -31.79  -31.77  -31.76  -31.75  -31.74  -31.74  -31.73  -31.72  -31.71  -31.70  -31.70  -31.69  -31.68  -31.68  -31.67  -31.67  -31.66  -31.66  -31.65  -31.65  -31.64  -31.64  -31.63  -31.63  -31.63  -31.62  -31.62  -31.62  -31.61  -31.61  -31.61  -31.60  -31.60  -31.60  -31.59  -31.59  -31.59  -31.59  -31.58  -31.58  -31.58  -31.58  -31.58  -31.57  -31.57  -31.57  -31.57  -31.57  -31.56  -31.56  -31.56  -31.56  -31.56  -31.56  -31.55  -31.55  -31.55  -31.55  -31.55  -31.55  -31.55  -31.54  -31.54  -31.54  -31.54  -31.54  -31.54  -31.54  -31.54  -31.54  -31.54  -31.54  -31.54 
  39 #   7   5   3   0  :   -30.68  -30.68  -30.69  -30.71  -30.74  -30.76  -30.78  -30.81  -30.83  -30.85  -30.87  -30.88  -30.90  -30.92  -30.93  -30.95  -30.96  -30.97  -30.99  -31.00  -31.01  -31.02  -31.03  -31.04  -31.05  -31.06  -31.07  -31.07  -31.08  -31.09  -31.10  -31.10  -31.11  -31.11  -31.12  -31.13  -31.13  -31.14  -31.14  -31.15  -31.15  -31.16  -31.16  -31.17  -31.17  -31.17  -31.18  -31.18  -31.18  -31.19  -31.19  -31.20  -31.20  -31.20  -31.20  -31.21  -31.21  -31.21  -31.22  -31.22  -31.22  -31.22  -31.23  -31.23  -31.23  -31.23  -31.24  -31.24  -31.24  -31.24  -31.24  -31.25  -31.25  -31.25  -31.25  -31.25  -31.26  -31.26  -31.26  -31.26  -31.26  -31.27  -31.27  -31.27  -31.27  -31.27  -31.27  -31.28  -31.28  -31.28  -31.28  -31.28  -31.28  -31.29  -31.29  -31.29  -31.29  -31.29  -31.29  -31.30 
  40 #  10   1   0   4  :   -28.48  -27.93  -28.06  -28.26  -28.45  -28.64  -28.81  -28.96  -29.10  -29.23  -29.35  -29.47  -29.57  -29.67  -29.76  -29.84  -29.92  -30.00  -30.07  -30.14  -30.20  -30.26  -30.32  -30.37  -30.43  -30.48  -30.53  -30.57  -30.62  -30.66  -30.70  -30.74  -30.78  -30.81  -30.85  -30.88  -30.92  -30.95  -30.98  -31.01  -31.04  -31.06  -31.09  -31.12  -31.14  -31.17  -31.19  -31.21  -31.24  -31.26  -31.28  -31.30  -31.32  -31.34  -31.36  -31.38  -31.40  -31.41  -31.43  -31.45  -31.46  -31.48  -31.49  -31.51  -31.52  -31.54  -31.55  -31.57  -31.58  -31.59  -31.61  -31.62  -31.63  -31.64  -31.66  -31.67  -31.68  -31.69  -31.70  -31.71  -31.72  -31.73  -31.74  -31.75  -31.76  -31.77  -31.78  -31.79  -31.80  -31.81  -31.82  -31.83  -31.84  -31.84  -31.85  -31.86  -31.87  -31.88  -31.89  -31.89 
  41 #   9   2   1   3  :   -38.07  -33.09  -32.51  -32.27  -32.14  -32.08  -32.04  -32.02  -32.02  -32.02  -32.02  -32.02  -32.03  -32.04  -32.05  -32.06  -32.07  -32.08  -32.10  -32.11  -32.12  -32.13  -32.14  -32.15  -32.16  -32.17  -32.18  -32.19  -32.19  -32.20  -32.21  -32.22  -32.23  -32.24  -32.24  -32.25  -32.26  -32.26  -32.27  -32.28  -32.28  -32.29  -32.30  -32.30  -32.31  -32.31  -32.32  -32.32  -32.33  -32.33  -32.34  -32.34  -32.35  -32.35  -32.36  -32.36  -32.37  -32.37  -32.37  -32.38  -32.38  -32.39  -32.39  -32.39  -32.40  -32.40  -32.40  -32.41  -32.41  -32.41  -32.42  -32.42  -32.42  -32.43  -32.43  -32.43  -32.44  -32.44  -32.44  -32.44  -32.45  -32.45  -32.45  -32.45  -32.46  -32.46  -32.46  -32.46  -32.47  -32.47  -32.47  -32.47  -32.48  -32.48  -32.48  -32.48  -32.49  -32.49  -32.49  -32.49 
  42 #   8   3   2   2  :   -39.86  -35.11  -34.43  -34.07  -33.85  -33.69  -33.57  -33.48  -33.40  -33.34  -33.29  -33.25  -33.21  -33.17  -33.15  -33.12  -33.10  -33.08  -33.06  -33.04  -33.03  -33.01  -33.00  -32.99  -32.98  -32.97  -32.96  -32.95  -32.94  -32.93  -32.92  -32.92  -32.91  -32.90  -32.90  -32.89  -32.89  -32.88  -32.88  -32.87  -32.87  -32.87  -32.86  -32.86  -32.86  -32.85  -32.85  -32.85  -32.84  -32.84  -32.84  -32.83  -32.83  -32.83  -32.83  -32.83  -32.82  -32.82  -32.82  -32.82  -32.82  -32.81  -32.81  -32.81  -32.81  -32.81  -32.81  -32.80  -32.80  -32.80  -32.80  -32.80  -32.80  -32.80  -32.80  -32.79  -32.79  -32.79  -32.79  -32.79  -32.79  -32.79  -32.79  -32.79  -32.79  -32.79  -32.79  -32.79  -32.78  -32.78  -32.78  -32.78  -32.78  -32.78  -32.78  -32.78  -32.78  -32.78  -32.78  -32.78 
  43 #   7   4   3   1  :   -39.86  -35.19  -34.52  -34.17  -33.94  -33.78  -33.65  -33.56  -33.48  -33.42  -33.36  -33.31  -33.27  -33.24  -33.21  -33.18  -33.16  -33.13  -33.11  -33.09  -33.08  -33.06  -33.05  -33.04  -33.02  -33.01  -33.00  -32.99  -32.98  -32.97  -32.97  -32.96  -32.95  -32.94  -32.94  -32.93  -32.93  -32.92  -32.92  -32.91  -32.91  -32.90  -32.90  -32.89  -32.89  -32.89  -32.88  -32.88  -32.88  -32.87  -32.87  -32.87  -32.86  -32.86  -32.86  -32.86  -32.85  -32.85  -32.85  -32.85  -32.84  -32.84  -32.84  -32.84  -32.84  -32.83  -32.83  -32.83  -32.83  -32.83  -32.83  -32.82  -32.82  -32.82  -32.82  -32.82  -32.82  -32.82  -32.81  -32.81  -32.81  -32.81  -32.81  -32.81  -32.81  -32.81  -32.81  -32.81  -32.81  -32.80  -32.80  -32.80  -32.80  -32.80  -32.80  -32.80  -32.80  -32.80  -32.80  -32.80 
  44 #   6   5   4   0  :   -31.53  -31.52  -31.55  -31.59  -31.63  -31.67  -31.71  -31.75  -31.79  -31.82  -31.85  -31.88  -31.91  -31.94  -31.96  -31.99  -32.01  -32.03  -32.05  -32.07  -32.09  -32.11  -32.12  -32.14  -32.15  -32.17  -32.18  -32.19  -32.20  -32.22  -32.23  -32.24  -32.25  -32.26  -32.27  -32.28  -32.29  -32.29  -32.30  -32.31  -32.32  -32.33  -32.33  -32.34  -32.35  -32.35  -32.36  -32.36  -32.37  -32.38  -32.38  -32.39  -32.39  -32.40  -32.40  -32.40  -32.41  -32.41  -32.42  -32.42  -32.43  -32.43  -32.43  -32.44  -32.44  -32.44  -32.45  -32.45  -32.45  -32.46  -32.46  -32.46  -32.47  -32.47  -32.47  -32.48  -32.48  -32.48  -32.48  -32.49  -32.49  -32.49  -32.49  -32.50  -32.50  -32.50  -32.50  -32.51  -32.51  -32.51  -32.51  -32.52  -32.52  -32.52  -32.52  -32.53  -32.53  -32.53  -32.53  -32.53 
  45 #  10   0   0   5  :   -24.13  -25.06  -25.74  -26.27  -26.71  -27.08  -27.40  -27.69  -27.94  -28.17  -28.37  -28.56  -28.74  -28.90  -29.05  -29.19  -29.32  -29.44  -29.56  -29.67  -29.77  -29.87  -29.97  -30.06  -30.14  -30.22  -30.30  -30.38  -30.45  -30.52  -30.58  -30.65  -30.71  -30.76  -30.82  -30.88  -30.93  -30.98  -31.03  -31.07  -31.12  -31.16  -31.21  -31.25  -31.29  -31.33  -31.37  -31.40  -31.44  -31.47  -31.50  -31.54  -31.57  -31.60  -31.63  -31.66  -31.69  -31.71  -31.74  -31.77  -31.79  -31.82  -31.84  -31.87  -31.89  -31.91  -31.93  -31.95  -31.98  -32.00  -32.02  -32.04  -32.05  -32.07  -32.09  -32.11  -32.13  -32.14  -32.16  -32.18  -32.19  -32.21  -32.22  -32.24  -32.25  -32.27  -32.28  -32.30  -32.31  -32.33  -32.34  -32.35  -32.36  -32.38  -32.39  -32.40  -32.41  -32.43  -32.44  -32.45 
  46 #   9   1   1   4  :   -37.28  -32.00  -31.53  -31.40  -31.38  -31.41  -31.45  -31.50  -31.56  -31.62  -31.68  -31.73  -31.79  -31.84  -31.89  -31.94  -31.98  -32.02  -32.07  -32.11  -32.14  -32.18  -32.21  -32.25  -32.28  -32.31  -32.34  -32.36  -32.39  -32.41  -32.44  -32.46  -32.49  -32.51  -32.53  -32.55  -32.57  -32.59  -32.61  -32.62  -32.64  -32.66  -32.67  -32.69  -32.70  -32.72  -32.73  -32.75  -32.76  -32.77  -32.78  -32.80  -32.81  -32.82  -32.83  -32.84  -32.85  -32.86  -32.87  -32.88  -32.89  -32.90  -32.91  -32.92  -32.93  -32.94  -32.95  -32.95  -32.96  -32.97  -32.98  -32.99  -32.99  -33.00  -33.01  -33.01  -33.02  -33.03  -33.03  -33.04  -33.05  -33.05  -33.06  -33.06  -33.07  -33.08  -33.08  -33.09  -33.09  -33.10  -33.10  -33.11  -33.11  -33.12  -33.12  -33.13  -33.13  -33.14  -33.14  -33.15 
  47 #   8   2   2   3  :   -40.00  -35.04  -34.39  -34.08  -33.90  -33.78  -33.70  -33.65  -33.61  -33.57  -33.55  -33.53  -33.52  -33.51  -33.50  -33.49  -33.49  -33.48  -33.48  -33.48  -33.47  -33.47  -33.47  -33.47  -33.47  -33.47  -33.47  -33.47  -33.47  -33.48  -33.48  -33.48  -33.48  -33.48  -33.48  -33.48  -33.48  -33.49  -33.49  -33.49  -33.49  -33.49  -33.49  -33.49  -33.49  -33.50  -33.50  -33.50  -33.50  -33.50  -33.50  -33.50  -33.50  -33.51  -33.51  -33.51  -33.51  -33.51  -33.51  -33.51  -33.51  -33.52  -33.52  -33.52  -33.52  -33.52  -33.52  -33.52  -33.52  -33.52  -33.53  -33.53  -33.53  -33.53  -33.53  -33.53  -33.53  -33.53  -33.53  -33.53  -33.53  -33.54  -33.54  -33.54  -33.54  -33.54  -33.54  -33.54  -33.54  -33.54  -33.54  -33.55  -33.55  -33.55  -33.55  -33.55  -33.55  -33.55  -33.55  -33.55 
  48 #   7   3   3   2  :   -41.06  -36.27  -35.57  -35.20  -34.96  -34.78  -34.65  -34.55  -34.47  -34.40  -34.34  -34.29  -34.25  -34.21  -34.17  -34.15  -34.12  -34.09  -34.07  -34.05  -34.03  -34.02  -34.00  -33.99  -33.97  -33.96  -33.95  -33.94  -33.93  -33.92  -33.91  -33.90  -33.89  -33.89  -33.88  -33.87  -33.87  -33.86  -33.86  -33.85  -33.85  -33.84  -33.84  -33.83  -33.83  -33.82  -33.82  -33.81  -33.81  -33.81  -33.80  -33.80  -33.80  -33.79  -33.79  -33.79  -33.79  -33.78  -33.78  -33.78  -33.78  -33.77  -33.77  -33.77  -33.77  -33.76  -33.76  -33.76  -33.76  -33.76  -33.76  -33.75  -33.75  -33.75  -33.75  -33.75  -33.75  -33.75  -33.74  -33.74  -33.74  -33.74  -33.74  -33.74  -33.74  -33.74  -33.74  -33.73  -33.73  -33.73  -33.73  -33.73  -33.73  -33.73  -33.73  -33.73  -33.73  -33.73  -33.73  -33.73 
  49 #   6   4   4   1  :   -40.56  -35.79  -35.13  -34.80  -34.58  -34.43  -34.32  -34.24  -34.17  -34.11  -34.07  -34.03  -34.00  -33.97  -33.94  -33.92  -33.90  -33.89  -33.87  -33.86  -33.85  -33.83  -33.83  -33.82  -33.81  -33.80  -33.79  -33.79  -33.78  -33.77  -33.77  -33.76  -33.76  -33.75  -33.75  -33.75  -33.74  -33.74  -33.74  -33.73  -33.73  -33.73  -33.72  -33.72  -33.72  -33.72  -33.72  -33.71  -33.71  -33.71  -33.71  -33.71  -33.70  -33.70  -33.70  -33.70  -33.70  -33.70  -33.70  -33.69  -33.69  -33.69  -33.69  -33.69  -33.69  -33.69  -33.69  -33.69  -33.69  -33.68  -33.68  -33.68  -33.68  -33.68  -33.68  -33.68  -33.68  -33.68  -33.68  -33.68  -33.68  -33.68  -33.68  -33.68  -33.68  -33.67  -33.67  -33.67  -33.67  -33.67  -33.67  -33.67  -33.67  -33.67  -33.67  -33.67  -33.67  -33.67  -33.67  -33.67 
  50 #   5   5   5   0  :   -31.92  -31.90  -31.95  -32.01  -32.08  -32.14  -32.20  -32.26  -32.31  -32.36  -32.41  -32.45  -32.50  -32.53  -32.57  -32.61  -32.64  -32.67  -32.70  -32.73  -32.75  -32.78  -32.80  -32.82  -32.84  -32.86  -32.88  -32.90  -32.92  -32.94  -32.95  -32.97  -32.98  -33.00  -33.01  -33.02  -33.03  -33.05  -33.06  -33.07  -33.08  -33.09  -33.10  -33.11  -33.12  -33.13  -33.14  -33.14  -33.15  -33.16  -33.17  -33.17  -33.18  -33.19  -33.20  -33.20  -33.21  -33.21  -33.22  -33.23  -33.23  -33.24  -33.24  -33.25  -33.25  -33.26  -33.26  -33.27  -33.27  -33.28  -33.28  -33.28  -33.29  -33.29  -33.30  -33.30  -33.30  -33.31  -33.31  -33.32  -33.32  -33.32  -33.33  -33.33  -33.33  -33.34  -33.34  -33.34  -33.35  -33.35  -33.35  -33.36  -33.36  -33.36  -33.36  -33.37  -33.37  -33.37  -33.38  -33.38 
  51 #   9   5   0   1  :   -27.70  -27.66  -27.65  -27.64  -27.64  -27.64  -27.64  -27.64  -27.64  -27.64  -27.64  -27.64  -27.64  -27.64  -27.64  -27.64  -27.64  -27.64  -27.64  -27.64  -27.64  -27.64  -27.64  -27.64  -27.64  -27.64  -27.64  -27.64  -27.64  -27.64  -27.64  -27.64  -27.64  -27.64  -27.64  -27.64  -27.64  -27.64  -27.64  -27.64  -27.64  -27.64  -27.64  -27.64  -27.64  -27.64  -27.64  -27.64  -27.64  -27.64  -27.64  -27.64  -27.64  -27.64  -27.64  -27.64  -27.64  -27.64  -27.64  -27.64  -27.64  -27.64  -27.64  -27.64  -27.64  -27.64  -27.64  -27.64  -27.64  -27.64  -27.64  -27.64  -27.64  -27.64  -27.64  -27.64  -27.64  -27.64  -27.64  -27.65  -27.65  -27.65  -27.65  -27.65  -27.65  -27.65  -27.65  -27.65  -27.65  -27.65  -27.65  -27.65  -27.65  -27.65  -27.65  -27.65  -27.65  -27.65  -27.65  -27.65 
  52 #   8   6   1   0  :   -27.70  -27.68  -27.67  -27.66  -27.66  -27.66  -27.65  -27.65  -27.65  -27.65  -27.65  -27.65  -27.65  -27.65  -27.65  -27.64  -27.64  -27.64  -27.64  -27.64  -27.64  -27.64  -27.64  -27.64  -27.64  -27.64  -27.64  -27.64  -27.64  -27.64  -27.64  -27.64  -27.64  -27.64  -27.64  -27.64  -27.64  -27.64  -27.64  -27.64  -27.64  -27.64  -27.64  -27.64  -27.64  -27.64  -27.64  -27.64  -27.64  -27.64  -27.64  -27.64  -27.64  -27.64  -27.64  -27.64  -27.64  -27.64  -27.64  -27.64  -27.64  -27.64  -27.64  -27.64  -27.64  -27.64  -27.64  -27.64  -27.64  -27.64  -27.64  -27.64  -27.64  -27.64  -27.64  -27.64  -27.64  -27.64  -27.64  -27.64  -27.65  -27.65  -27.65  -27.65  -27.65  -27.65  -27.65  -27.65  -27.65  -27.65  -27.65  -27.65  -27.65  -27.65  -27.65  -27.65  -27.65  -27.65  -27.65  -27.65 
  53 #   9   4   0   2  :   -29.30  -29.24  -29.26  -29.28  -29.31  -29.35  -29.38  -29.41  -29.43  -29.46  -29.48  -29.50  -29.52  -29.54  -29.56  -29.58  -29.59  -29.61  -29.62  -29.64  -29.65  -29.66  -29.67  -29.68  -29.69  -29.70  -29.71  -29.72  -29.73  -29.74  -29.75  -29.76  -29.77  -29.77  -29.78  -29.79  -29.79  -29.80  -29.81  -29.81  -29.82  -29.82  -29.83  -29.84  -29.84  -29.85  -29.85  -29.86  -29.86  -29.86  -29.87  -29.87  -29.88  -29.88  -29.89  -29.89  -29.89  -29.90  -29.90  -29.90  -29.91  -29.91  -29.91  -29.92  -29.92  -29.92  -29.93  -29.93  -29.93  -29.94  -29.94  -29.94  -29.94  -29.95  -29.95  -29.95  -29.95  -29.96  -29.96  -29.96  -29.96  -29.97  -29.97  -29.97  -29.97  -29.98  -29.98  -29.98  -29.98  -29.98  -29.99  -29.99  -29.99  -29.99  -30.00  -30.00  -30.00  -30.00  -30.00  -30.01 
  54 #   8   5   1   1  :   -37.20  -32.89  -32.23  -31.88  -31.65  -31.49  -31.36  -31.26  -31.18  -31.11  -31.05  -31.00  -30.96  -30.92  -30.88  -30.85  -30.82  -30.80  -30.77  -30.75  -30.73  -30.71  -30.69  -30.68  -30.66  -30.65  -30.64  -30.62  -30.61  -30.60  -30.59  -30.58  -30.57  -30.56  -30.55  -30.55  -30.54  -30.53  -30.52  -30.52  -30.51  -30.51  -30.50  -30.49  -30.49  -30.48  -30.48  -30.47  -30.47  -30.46  -30.46  -30.46  -30.45  -30.45  -30.44  -30.44  -30.44  -30.43  -30.43  -30.43  -30.42  -30.42  -30.42  -30.42  -30.41  -30.41  -30.41  -30.40  -30.40  -30.40  -30.40  -30.39  -30.39  -30.39  -30.39  -30.39  -30.38  -30.38  -30.38  -30.38  -30.38  -30.38  -30.37  -30.37  -30.37  -30.37  -30.37  -30.37  -30.37  -30.36  -30.36  -30.36  -30.36  -30.36  -30.36  -30.36  -30.36  -30.36  -30.35  -30.35 
  55 #   7   6   2   0  :   -29.76  -29.75  -29.76  -29.77  -29.78  -29.80  -29.81  -29.82  -29.83  -29.85  -29.86  -29.87  -29.88  -29.89  -29.90  -29.90  -29.91  -29.92  -29.93  -29.93  -29.94  -29.95  -29.95  -29.96  -29.96  -29.97  -29.97  -29.98  -29.98  -29.99  -29.99  -30.00  -30.00  -30.00  -30.01  -30.01  -30.01  -30.02  -30.02  -30.02  -30.03  -30.03  -30.03  -30.04  -30.04  -30.04  -30.04  -30.05  -30.05  -30.05  -30.05  -30.05  -30.06  -30.06  -30.06  -30.06  -30.06  -30.07  -30.07  -30.07  -30.07  -30.07  -30.07  -30.08  -30.08  -30.08  -30.08  -30.08  -30.08  -30.09  -30.09  -30.09  -30.09  -30.09  -30.09  -30.09  -30.09  -30.10  -30.10  -30.10  -30.10  -30.10  -30.10  -30.10  -30.10  -30.11  -30.11  -30.11  -30.11  -30.11  -30.11  -30.11  -30.11  -30.12  -30.12  -30.12  -30.12  -30.12  -30.12  -30.12 
  56 #   9   3   0   3  :   -29.98  -29.87  -29.92  -29.99  -30.07  -30.14  -30.22  -30.28  -30.35  -30.40  -30.46  -30.51  -30.55  -30.60  -30.64  -30.68  -30.71  -30.75  -30.78  -30.81  -30.84  -30.87  -30.89  -30.92  -30.94  -30.97  -30.99  -31.01  -31.03  -31.05  -31.07  -31.09  -31.10  -31.12  -31.14  -31.15  -31.17  -31.18  -31.20  -31.21  -31.22  -31.24  -31.25  -31.26  -31.27  -31.28  -31.29  -31.30  -31.31  -31.32  -31.33  -31.34  -31.35  -31.36  -31.37  -31.38  -31.39  -31.39  -31.40  -31.41  -31.42  -31.42  -31.43  -31.44  -31.44  -31.45  -31.46  -31.46  -31.47  -31.48  -31.48  -31.49  -31.49  -31.50  -31.50  -31.51  -31.51  -31.52  -31.52  -31.53  -31.53  -31.54  -31.54  -31.55  -31.55  -31.56  -31.56  -31.57  -31.57  -31.58  -31.58  -31.58  -31.59  -31.59  -31.60  -31.60  -31.60  -31.61  -31.61  -31.62 
  57 #   8   4   1   2  :   -38.70  -34.07  -33.42  -33.10  -32.89  -32.75  -32.65  -32.57  -32.51  -32.46  -32.41  -32.38  -32.35  -32.32  -32.30  -32.28  -32.26  -32.24  -32.23  -32.22  -32.20  -32.19  -32.18  -32.17  -32.17  -32.16  -32.15  -32.15  -32.14  -32.13  -32.13  -32.12  -32.12  -32.11  -32.11  -32.11  -32.10  -32.10  -32.10  -32.09  -32.09  -32.09  -32.09  -32.08  -32.08  -32.08  -32.08  -32.07  -32.07  -32.07  -32.07  -32.07  -32.06  -32.06  -32.06  -32.06  -32.06  -32.06  -32.06  -32.06  -32.05  -32.05  -32.05  -32.05  -32.05  -32.05  -32.05  -32.05  -32.05  -32.05  -32.05  -32.04  -32.04  -32.04  -32.04  -32.04  -32.04  -32.04  -32.04  -32.04  -32.04  -32.04  -32.04  -32.04  -32.04  -32.04  -32.04  -32.04  -32.04  -32.04  -32.04  -32.04  -32.04  -32.04  -32.04  -32.04  -32.04  -32.04  -32.04  -32.04 
  58 #   7   5   2   1  :   -39.15  -34.59  -33.92  -33.57  -33.33  -33.17  -33.04  -32.94  -32.86  -32.79  -32.74  -32.69  -32.64  -32.61  -32.57  -32.54  -32.52  -32.49  -32.47  -32.45  -32.43  -32.41  -32.40  -32.38  -32.37  -32.36  -32.35  -32.34  -32.33  -32.32  -32.31  -32.30  -32.29  -32.28  -32.27  -32.27  -32.26  -32.25  -32.25  -32.24  -32.24  -32.23  -32.23  -32.22  -32.22  -32.21  -32.21  -32.21  -32.20  -32.20  -32.19  -32.19  -32.19  -32.18  -32.18  -32.18  -32.17  -32.17  -32.17  -32.17  -32.16  -32.16  -32.16  -32.16  -32.15  -32.15  -32.15  -32.15  -32.15  -32.14  -32.14  -32.14  -32.14  -32.14  -32.14  -32.13  -32.13  -32.13  -32.13  -32.13  -32.13  -32.12  -32.12  -32.12  -32.12  -32.12  -32.12  -32.12  -32.12  -32.12  -32.12  -32.11  -32.11  -32.11  -32.11  -32.11  -32.11  -32.11  -32.11  -32.11 
  59 #   6   6   3   0  :   -31.01  -31.00  -31.03  -31.06  -31.09  -31.13  -31.16  -31.19  -31.22  -31.25  -31.27  -31.30  -31.32  -31.34  -31.36  -31.38  -31.40  -31.42  -31.43  -31.45  -31.46  -31.48  -31.49  -31.50  -31.52  -31.53  -31.54  -31.55  -31.56  -31.57  -31.58  -31.59  -31.59  -31.60  -31.61  -31.62  -31.63  -31.63  -31.64  -31.65  -31.65  -31.66  -31.66  -31.67  -31.68  -31.68  -31.69  -31.69  -31.70  -31.70  -31.71  -31.71  -31.71  -31.72  -31.72  -31.73  -31.73  -31.73  -31.74  -31.74  -31.75  -31.75  -31.75  -31.75  -31.76  -31.76  -31.76  -31.77  -31.77  -31.77  -31.78  -31.78  -31.78  -31.78  -31.79  -31.79  -31.79  -31.79  -31.80  -31.80  -31.80  -31.80  -31.80  -31.81  -31.81  -31.81  -31.81  -31.82  -31.82  -31.82  -31.82  -31.82  -31.83  -31.83  -31.83  -31.83  -31.83  -31.84  -31.84  -31.84 
  60 #   9   2   0   4  :   -29.97  -29.73  -29.82  -29.95  -30.09  -30.23  -30.36  -30.47  -30.58  -30.68  -30.78  -30.86  -30.94  -31.02  -31.09  -31.16  -31.22  -31.28  -31.33  -31.39  -31.44  -31.49  -31.53  -31.57  -31.61  -31.65  -31.69  -31.73  -31.76  -31.79  -31.83  -31.86  -31.89  -31.91  -31.94  -31.97  -31.99  -32.02  -32.04  -32.06  -32.08  -32.10  -32.12  -32.14  -32.16  -32.18  -32.20  -32.22  -32.23  -32.25  -32.27  -32.28  -32.30  -32.31  -32.32  -32.34  -32.35  -32.36  -32.38  -32.39  -32.40  -32.41  -32.42  -32.44  -32.45  -32.46  -32.47  -32.48  -32.49  -32.50  -32.51  -32.52  -32.53  -32.53  -32.54  -32.55  -32.56  -32.57  -32.58  -32.58  -32.59  -32.60  -32.61  -32.61  -32.62  -32.63  -32.64  -32.64  -32.65  -32.66  -32.66  -32.67  -32.68  -32.68  -32.69  -32.69  -32.70  -32.71  -32.71  -32.72 
  61 #   8   3   1   3  :   -39.26  -34.36  -33.75  -33.47  -33.32  -33.22  -33.15  -33.11  -33.08  -33.06  -33.04  -33.03  -33.03  -33.02  -33.02  -33.02  -33.02  -33.02  -33.02  -33.02  -33.02  -33.03  -33.03  -33.03  -33.03  -33.04  -33.04  -33.04  -33.05  -33.05  -33.05  -33.06  -33.06  -33.06  -33.07  -33.07  -33.07  -33.08  -33.08  -33.08  -33.08  -33.09  -33.09  -33.09  -33.10  -33.10  -33.10  -33.10  -33.10  -33.11  -33.11  -33.11  -33.11  -33.12  -33.12  -33.12  -33.12  -33.12  -33.13  -33.13  -33.13  -33.13  -33.13  -33.14  -33.14  -33.14  -33.14  -33.14  -33.14  -33.15  -33.15  -33.15  -33.15  -33.15  -33.15  -33.16  -33.16  -33.16  -33.16  -33.16  -33.16  -33.16  -33.17  -33.17  -33.17  -33.17  -33.17  -33.17  -33.17  -33.17  -33.18  -33.18  -33.18  -33.18  -33.18  -33.18  -33.18  -33.19  -33.19  -33.19 
  62 #   7   4   2   2  :   -40.63  -35.89  -35.20  -34.83  -34.59  -34.42  -34.30  -34.20  -34.12  -34.05  -33.99  -33.94  -33.90  -33.86  -33.83  -33.80  -33.77  -33.75  -33.73  -33.71  -33.69  -33.68  -33.66  -33.65  -33.63  -33.62  -33.61  -33.60  -33.59  -33.58  -33.57  -33.57  -33.56  -33.55  -33.54  -33.54  -33.53  -33.52  -33.52  -33.51  -33.51  -33.50  -33.50  -33.50  -33.49  -33.49  -33.48  -33.48  -33.48  -33.47  -33.47  -33.47  -33.46  -33.46  -33.46  -33.45  -33.45  -33.45  -33.45  -33.44  -33.44  -33.44  -33.44  -33.44  -33.43  -33.43  -33.43  -33.43  -33.43  -33.42  -33.42  -33.42  -33.42  -33.42  -33.42  -33.41  -33.41  -33.41  -33.41  -33.41  -33.41  -33.41  -33.41  -33.41  -33.40  -33.40  -33.40  -33.40  -33.40  -33.40  -33.40  -33.40  -33.40  -33.40  -33.40  -33.40  -33.40  -33.40  -33.39  -33.39 
  63 #   6   5   3   1  :   -40.27  -35.54  -34.88  -34.54  -34.32  -34.17  -34.06  -33.97  -33.90  -33.84  -33.80  -33.76  -33.72  -33.69  -33.66  -33.64  -33.62  -33.60  -33.59  -33.57  -33.56  -33.55  -33.53  -33.52  -33.51  -33.51  -33.50  -33.49  -33.48  -33.48  -33.47  -33.47  -33.46  -33.45  -33.45  -33.45  -33.44  -33.44  -33.43  -33.43  -33.43  -33.42  -33.42  -33.42  -33.41  -33.41  -33.41  -33.41  -33.40  -33.40  -33.40  -33.40  -33.40  -33.39  -33.39  -33.39  -33.39  -33.39  -33.39  -33.38  -33.38  -33.38  -33.38  -33.38  -33.38  -33.38  -33.37  -33.37  -33.37  -33.37  -33.37  -33.37  -33.37  -33.37  -33.37  -33.37  -33.36  -33.36  -33.36  -33.36  -33.36  -33.36  -33.36  -33.36  -33.36  -33.36  -33.36  -33.36  -33.36  -33.36  -33.36  -33.36  -33.36  -33.36  -33.36  -33.36  -33.36  -33.36  -33.36  -33.36 
  64 #   5   6   4   0  :   -31.70  -31.68  -31.72  -31.78  -31.84  -31.90  -31.95  -32.01  -32.06  -32.10  -32.15  -32.19  -32.23  -32.26  -32.30  -32.33  -32.36  -32.39  -32.42  -32.44  -32.47  -32.49  -32.51  -32.53  -32.55  -32.57  -32.59  -32.61  -32.62  -32.64  -32.65  -32.67  -32.68  -32.69  -32.71  -32.72  -32.73  -32.74  -32.75  -32.76  -32.77  -32.78  -32.79  -32.80  -32.81  -32.82  -32.83  -32.83  -32.84  -32.85  -32.86  -32.86  -32.87  -32.88  -32.88  -32.89  -32.89  -32.90  -32.91  -32.91  -32.92  -32.92  -32.93  -32.93  -32.94  -32.94  -32.95  -32.95  -32.95  -32.96  -32.96  -32.97  -32.97  -32.98  -32.98  -32.98  -32.99  -32.99  -32.99  -33.00  -33.00  -33.00  -33.01  -33.01  -33.01  -33.02  -33.02  -33.02  -33.03  -33.03  -33.03  -33.04  -33.04  -33.04  -33.04  -33.05  -33.05  -33.05  -33.06  -33.06 
  65 #   9   1   0   5  :   -29.28  -28.70  -28.86  -29.10  -29.34  -29.57  -29.77  -29.96  -30.14  -30.30  -30.45  -30.58  -30.71  -30.83  -30.94  -31.05  -31.15  -31.24  -31.32  -31.41  -31.48  -31.56  -31.63  -31.69  -31.76  -31.82  -31.87  -31.93  -31.98  -32.03  -32.08  -32.13  -32.17  -32.21  -32.25  -32.29  -32.33  -32.37  -32.40  -32.44  -32.47  -32.50  -32.53  -32.56  -32.59  -32.62  -32.64  -32.67  -32.69  -32.72  -32.74  -32.76  -32.79  -32.81  -32.83  -32.85  -32.87  -32.89  -32.91  -32.92  -32.94  -32.96  -32.98  -32.99  -33.01  -33.02  -33.04  -33.05  -33.07  -33.08  -33.10  -33.11  -33.12  -33.14  -33.15  -33.16  -33.17  -33.18  -33.20  -33.21  -33.22  -33.23  -33.24  -33.25  -33.26  -33.27  -33.28  -33.29  -33.30  -33.31  -33.32  -33.33  -33.34  -33.35  -33.35  -33.36  -33.37  -33.38  -33.39  -33.40 
  66 #   8   2   1   4  :   -39.06  -33.92  -33.37  -33.15  -33.06  -33.02  -33.01  -33.02  -33.03  -33.05  -33.08  -33.10  -33.13  -33.15  -33.18  -33.20  -33.23  -33.25  -33.28  -33.30  -33.32  -33.34  -33.36  -33.38  -33.40  -33.41  -33.43  -33.45  -33.46  -33.48  -33.49  -33.51  -33.52  -33.53  -33.55  -33.56  -33.57  -33.58  -33.59  -33.60  -33.61  -33.62  -33.63  -33.64  -33.65  -33.66  -33.67  -33.68  -33.69  -33.69  -33.70  -33.71  -33.72  -33.72  -33.73  -33.74  -33.74  -33.75  -33.76  -33.76  -33.77  -33.77  -33.78  -33.78  -33.79  -33.79  -33.80  -33.80  -33.81  -33.81  -33.82  -33.82  -33.83  -33.83  -33.84  -33.84  -33.84  -33.85  -33.85  -33.86  -33.86  -33.86  -33.87  -33.87  -33.88  -33.88  -33.88  -33.89  -33.89  -33.89  -33.90  -33.90  -33.90  -33.91  -33.91  -33.91  -33.92  -33.92  -33.92  -33.93 
  67 #   7   3   2   3  :   -41.14  -36.23  -35.55  -35.20  -34.99  -34.85  -34.74  -34.66  -34.60  -34.55  -34.51  -34.48  -34.45  -34.42  -34.40  -34.39  -34.37  -34.36  -34.35  -34.33  -34.33  -34.32  -34.31  -34.30  -34.30  -34.29  -34.29  -34.28  -34.28  -34.27  -34.27  -34.27  -34.26  -34.26  -34.26  -34.26  -34.25  -34.25  -34.25  -34.25  -34.25  -34.24  -34.24  -34.24  -34.24  -34.24  -34.24  -34.24  -34.24  -34.23  -34.23  -34.23  -34.23  -34.23  -34.23  -34.23  -34.23  -34.23  -34.23  -34.23  -34.23  -34.23  -34.23  -34.23  -34.23  -34.23  -34.23  -34.22  -34.22  -34.22  -34.22  -34.22  -34.22  -34.22  -34.22  -34.22  -34.22  -34.22  -34.22  -34.22  -34.22  -34.22  -34.22  -34.22  -34.22  -34.22  -34.22  -34.22  -34.22  -34.22  -34.22  -34.22  -34.22  -34.22  -34.22  -34.22  -34.22  -34.22  -34.23  -34.23 
  68 #   6   4   3   2  :   -41.72  -36.90  -36.20  -35.82  -35.58  -35.40  -35.27  -35.17  -35.08  -35.01  -34.95  -34.90  -34.85  -34.81  -34.78  -34.75  -34.72  -34.70  -34.67  -34.65  -34.63  -34.62  -34.60  -34.59  -34.57  -34.56  -34.55  -34.54  -34.53  -34.52  -34.51  -34.50  -34.49  -34.48  -34.48  -34.47  -34.46  -34.46  -34.45  -34.45  -34.44  -34.44  -34.43  -34.43  -34.42  -34.42  -34.41  -34.41  -34.41  -34.40  -34.40  -34.40  -34.39  -34.39  -34.39  -34.38  -34.38  -34.38  -34.37  -34.37  -34.37  -34.37  -34.37  -34.36  -34.36  -34.36  -34.36  -34.35  -34.35  -34.35  -34.35  -34.35  -34.35  -34.34  -34.34  -34.34  -34.34  -34.34  -34.34  -34.34  -34.33  -34.33  -34.33  -34.33  -34.33  -34.33  -34.33  -34.33  -34.33  -34.33  -34.32  -34.32  -34.32  -34.32  -34.32  -34.32  -34.32  -34.32  -34.32  -34.32 
  69 #   5   5   4   1  :   -40.83  -35.97  -35.33  -35.01  -34.82  -34.68  -34.59  -34.52  -34.47  -34.43  -34.39  -34.36  -34.34  -34.32  -34.31  -34.29  -34.28  -34.27  -34.26  -34.26  -34.25  -34.24  -34.24  -34.23  -34.23  -34.23  -34.22  -34.22  -34.22  -34.22  -34.22  -34.21  -34.21  -34.21  -34.21  -34.21  -34.21  -34.21  -34.21  -34.20  -34.20  -34.20  -34.20  -34.20  -34.20  -34.20  -34.20  -34.20  -34.20  -34.20  -34.20  -34.20  -34.20  -34.20  -34.20  -34.20  -34.20  -34.20  -34.20  -34.20  -34.20  -34.20  -34.20  -34.20  -34.20  -34.20  -34.20  -34.20  -34.20  -34.20  -34.20  -34.20  -34.20  -34.20  -34.20  -34.20  -34.20  -34.20  -34.20  -34.20  -34.20  -34.20  -34.20  -34.20  -34.20  -34.20  -34.20  -34.20  -34.20  -34.20  -34.20  -34.20  -34.20  -34.20  -34.21  -34.21  -34.21  -34.21  -34.21  -34.21 
  70 #   4   6   5   0  :   -31.90  -31.86  -31.93  -32.02  -32.11  -32.20  -32.28  -32.36  -32.44  -32.51  -32.57  -32.63  -32.69  -32.74  -32.79  -32.84  -32.89  -32.93  -32.97  -33.00  -33.04  -33.07  -33.10  -33.13  -33.16  -33.19  -33.22  -33.24  -33.26  -33.29  -33.31  -33.33  -33.35  -33.37  -33.38  -33.40  -33.42  -33.43  -33.45  -33.47  -33.48  -33.49  -33.51  -33.52  -33.53  -33.54  -33.56  -33.57  -33.58  -33.59  -33.60  -33.61  -33.62  -33.63  -33.63  -33.64  -33.65  -33.66  -33.67  -33.68  -33.68  -33.69  -33.70  -33.70  -33.71  -33.72  -33.72  -33.73  -33.74  -33.74  -33.75  -33.75  -33.76  -33.77  -33.77  -33.78  -33.78  -33.79  -33.79  -33.80  -33.80  -33.81  -33.81  -33.81  -33.82  -33.82  -33.83  -33.83  -33.84  -33.84  -33.84  -33.85  -33.85  -33.86  -33.86  -33.86  -33.87  -33.87  -33.88  -33.88 
  71 #   9   0   0   6  :   -24.66  -25.64  -26.37  -26.95  -27.43  -27.85  -28.21  -28.53  -28.82  -29.08  -29.32  -29.53  -29.73  -29.92  -30.09  -30.25  -30.40  -30.54  -30.67  -30.79  -30.91  -31.02  -31.12  -31.22  -31.32  -31.41  -31.49  -31.58  -31.65  -31.73  -31.80  -31.87  -31.93  -31.99  -32.05  -32.11  -32.17  -32.22  -32.27  -32.32  -32.37  -32.41  -32.46  -32.50  -32.54  -32.58  -32.62  -32.66  -32.69  -32.73  -32.76  -32.80  -32.83  -32.86  -32.89  -32.92  -32.95  -32.97  -33.00  -33.03  -33.05  -33.07  -33.10  -33.12  -33.14  -33.17  -33.19  -33.21  -33.23  -33.25  -33.27  -33.29  -33.31  -33.32  -33.34  -33.36  -33.38  -33.39  -33.41  -33.42  -33.44  -33.45  -33.47  -33.48  -33.50  -33.51  -33.53  -33.54  -33.55  -33.57  -33.58  -33.59  -33.60  -33.62  -33.63  -33.64  -33.65  -33.66  -33.67  -33.68 
  72 #   8   1   1   5  :   -37.98  -32.59  -32.15  -32.04  -32.05  -32.10  -32.18  -32.25  -32.34  -32.42  -32.49  -32.57  -32.64  -32.71  -32.77  -32.83  -32.89  -32.95  -33.00  -33.05  -33.10  -33.14  -33.19  -33.23  -33.27  -33.30  -33.34  -33.37  -33.41  -33.44  -33.47  -33.50  -33.52  -33.55  -33.58  -33.60  -33.62  -33.65  -33.67  -33.69  -33.71  -33.73  -33.75  -33.77  -33.78  -33.80  -33.82  -33.83  -33.85  -33.86  -33.88  -33.89  -33.91  -33.92  -33.93  -33.94  -33.96  -33.97  -33.98  -33.99  -34.00  -34.01  -34.02  -34.03  -34.04  -34.05  -34.06  -34.07  -34.08  -34.09  -34.10  -34.11  -34.11  -34.12  -34.13  -34.14  -34.14  -34.15  -34.16  -34.17  -34.17  -34.18  -34.19  -34.19  -34.20  -34.21  -34.21  -34.22  -34.22  -34.23  -34.24  -34.24  -34.25  -34.25  -34.26  -34.26  -34.27  -34.28  -34.28  -34.29 
  73 #   7   2   2   4  :   -40.86  -35.78  -35.14  -34.84  -34.68  -34.58  -34.52  -34.48  -34.45  -34.43  -34.42  -34.42  -34.41  -34.41  -34.41  -34.42  -34.42  -34.42  -34.43  -34.43  -34.44  -34.45  -34.45  -34.46  -34.46  -34.47  -34.47  -34.48  -34.48  -34.49  -34.50  -34.50  -34.51  -34.51  -34.51  -34.52  -34.52  -34.53  -34.53  -34.54  -34.54  -34.54  -34.55  -34.55  -34.56  -34.56  -34.56  -34.57  -34.57  -34.57  -34.58  -34.58  -34.58  -34.58  -34.59  -34.59  -34.59  -34.59  -34.60  -34.60  -34.60  -34.60  -34.61  -34.61  -34.61  -34.61  -34.62  -34.62  -34.62  -34.62  -34.62  -34.63  -34.63  -34.63  -34.63  -34.63  -34.64  -34.64  -34.64  -34.64  -34.64  -34.64  -34.65  -34.65  -34.65  -34.65  -34.65  -34.66  -34.66  -34.66  -34.66  -34.66  -34.66  -34.67  -34.67  -34.67  -34.67  -34.67  -34.67  -34.68 
  74 #   6   3   3   3  :   -42.19  -37.28  -36.57  -36.20  -35.96  -35.80  -35.67  -35.57  -35.50  -35.43  -35.38  -35.33  -35.29  -35.26  -35.23  -35.21  -35.18  -35.16  -35.14  -35.13  -35.11  -35.10  -35.08  -35.07  -35.06  -35.05  -35.04  -35.03  -35.02  -35.02  -35.01  -35.00  -35.00  -34.99  -34.99  -34.98  -34.98  -34.97  -34.97  -34.96  -34.96  -34.95  -34.95  -34.95  -34.94  -34.94  -34.94  -34.94  -34.93  -34.93  -34.93  -34.92  -34.92  -34.92  -34.92  -34.92  -34.91  -34.91  -34.91  -34.91  -34.91  -34.90  -34.90  -34.90  -34.90  -34.90  -34.90  -34.90  -34.89  -34.89  -34.89  -34.89  -34.89  -34.89  -34.89  -34.89  -34.89  -34.88  -34.88  -34.88  -34.88  -34.88  -34.88  -34.88  -34.88  -34.88  -34.88  -34.88  -34.88  -34.88  -34.88  -34.88  -34.88  -34.88  -34.87  -34.87  -34.87  -34.87  -34.87  -34.87 
  75 #   5   4   4   2  :   -42.25  -37.36  -36.66  -36.29  -36.05  -35.88  -35.75  -35.65  -35.57  -35.50  -35.44  -35.39  -35.35  -35.32  -35.29  -35.26  -35.23  -35.21  -35.19  -35.17  -35.16  -35.14  -35.13  -35.11  -35.10  -35.09  -35.08  -35.07  -35.06  -35.05  -35.05  -35.04  -35.03  -35.02  -35.02  -35.01  -35.01  -35.00  -35.00  -34.99  -34.99  -34.98  -34.98  -34.98  -34.97  -34.97  -34.96  -34.96  -34.96  -34.95  -34.95  -34.95  -34.95  -34.94  -34.94  -34.94  -34.94  -34.93  -34.93  -34.93  -34.93  -34.93  -34.92  -34.92  -34.92  -34.92  -34.92  -34.92  -34.91  -34.91  -34.91  -34.91  -34.91  -34.91  -34.91  -34.90  -34.90  -34.90  -34.90  -34.90  -34.90  -34.90  -34.90  -34.90  -34.89  -34.89  -34.89  -34.89  -34.89  -34.89  -34.89  -34.89  -34.89  -34.89  -34.89  -34.89  -34.89  -34.89  -34.89  -34.89 
  76 #   4   5   5   1  :   -40.91  -35.94  -35.32  -35.03  -34.87  -34.76  -34.69  -34.65  -34.62  -34.59  -34.58  -34.57  -34.56  -34.55  -34.55  -34.55  -34.55  -34.55  -34.55  -34.55  -34.56  -34.56  -34.56  -34.57  -34.57  -34.57  -34.58  -34.58  -34.58  -34.59  -34.59  -34.59  -34.60  -34.60  -34.60  -34.61  -34.61  -34.61  -34.61  -34.62  -34.62  -34.62  -34.62  -34.63  -34.63  -34.63  -34.63  -34.64  -34.64  -34.64  -34.64  -34.65  -34.65  -34.65  -34.65  -34.65  -34.66  -34.66  -34.66  -34.66  -34.66  -34.66  -34.67  -34.67  -34.67  -34.67  -34.67  -34.67  -34.68  -34.68  -34.68  -34.68  -34.68  -34.68  -34.68  -34.68  -34.69  -34.69  -34.69  -34.69  -34.69  -34.69  -34.69  -34.70  -34.70  -34.70  -34.70  -34.70  -34.70  -34.70  -34.70  -34.71  -34.71  -34.71  -34.71  -34.71  -34.71  -34.71  -34.71  -34.72 
  77 #   3   6   6   0  :   -31.67  -31.57  -31.66  -31.78  -31.91  -32.04  -32.16  -32.27  -32.38  -32.47  -32.56  -32.65  -32.73  -32.80  -32.87  -32.94  -33.00  -33.06  -33.11  -33.16  -33.21  -33.26  -33.30  -33.34  -33.38  -33.42  -33.45  -33.49  -33.52  -33.55  -33.58  -33.61  -33.63  -33.66  -33.68  -33.71  -33.73  -33.75  -33.77  -33.79  -33.81  -33.83  -33.85  -33.87  -33.88  -33.90  -33.91  -33.93  -33.94  -33.96  -33.97  -33.99  -34.00  -34.01  -34.02  -34.03  -34.05  -34.06  -34.07  -34.08  -34.09  -34.10  -34.11  -34.12  -34.13  -34.13  -34.14  -34.15  -34.16  -34.17  -34.18  -34.18  -34.19  -34.20  -34.21  -34.21  -34.22  -34.23  -34.23  -34.24  -34.25  -34.25  -34.26  -34.26  -34.27  -34.28  -34.28  -34.29  -34.29  -34.30  -34.30  -34.31  -34.31  -34.32  -34.32  -34.33  -34.33  -34.34  -34.34  -34.35 
  78 #   8   6   0   1  :   -27.98  -27.95  -27.95  -27.94  -27.94  -27.93  -27.93  -27.93  -27.93  -27.93  -27.93  -27.93  -27.93  -27.93  -27.93  -27.93  -27.93  -27.93  -27.93  -27.93  -27.93  -27.93  -27.93  -27.93  -27.93  -27.93  -27.93  -27.93  -27.93  -27.93  -27.93  -27.93  -27.93  -27.93  -27.93  -27.93  -27.93  -27.93  -27.93  -27.93  -27.93  -27.93  -27.93  -27.93  -27.93  -27.93  -27.93  -27.93  -27.93  -27.93  -27.93  -27.93  -27.93  -27.93  -27.93  -27.93  -27.93  -27.93  -27.93  -27.93  -27.93  -27.93  -27.93  -27.93  -27.93  -27.93  -27.93  -27.93  -27.93  -27.93  -27.93  -27.93  -27.93  -27.93  -27.93  -27.93  -27.93  -27.93  -27.93  -27.93  -27.93  -27.93  -27.93  -27.93  -27.93  -27.93  -27.93  -27.93  -27.93  -27.93  -27.93  -27.94  -27.94  -27.94  -27.94  -27.94  -27.94  -27.94  -27.94  -27.94 
  79 #   7   7   1   0  :   -27.98  -27.96  -27.96  -27.95  -27.94  -27.94  -27.94  -27.94  -27.93  -27.93  -27.93  -27.93  -27.93  -27.93  -27.93  -27.93  -27.93  -27.93  -27.93  -27.93  -27.93  -27.93  -27.93  -27.93  -27.93  -27.93  -27.93  -27.93  -27.93  -27.93  -27.93  -27.93  -27.93  -27.93  -27.93  -27.93  -27.93  -27.93  -27.93  -27.93  -27.93  -27.93  -27.93  -27.93  -27.93  -27.93  -27.93  -27.93  -27.93  -27.93  -27.93  -27.93  -27.93  -27.93  -27.93  -27.93  -27.93  -27.93  -27.93  -27.93  -27.93  -27.93  -27.93  -27.93  -27.93  -27.93  -27.93  -27.93  -27.93  -27.93  -27.93  -27.93  -27.93  -27.93  -27.93  -27.93  -27.93  -27.93  -27.93  -27.93  -27.93  -27.93  -27.93  -27.93  -27.93  -27.93  -27.93  -27.93  -27.93  -27.93  -27.94  -27.94  -27.94  -27.94  -27.94  -27.94  -27.94  -27.94  -27.94  -27.94 
  80 #   8   5   0   2  :   -29.76  -29.73  -29.75  -29.77  -29.79  -29.82  -29.84  -29.86  -29.88  -29.90  -29.92  -29.94  -29.95  -29.97  -29.98  -30.00  -30.01  -30.02  -30.03  -30.05  -30.06  -30.07  -30.08  -30.08  -30.09  -30.10  -30.11  -30.12  -30.12  -30.13  -30.14  -30.14  -30.15  -30.16  -30.16  -30.17  -30.17  -30.18  -30.18  -30.19  -30.19  -30.20  -30.20  -30.21  -30.21  -30.22  -30.22  -30.22  -30.23  -30.23  -30.23  -30.24  -30.24  -30.24  -30.25  -30.25  -30.25  -30.26  -30.26  -30.26  -30.26  -30.27  -30.27  -30.27  -30.27  -30.28  -30.28  -30.28  -30.28  -30.29  -30.29  -30.29  -30.29  -30.30  -30.30  -30.30  -30.30  -30.30  -30.31  -30.31  -30.31  -30.31  -30.31  -30.32  -30.32  -30.32  -30.32  -30.32  -30.32  -30.33  -30.33  -30.33  -30.33  -30.33  -30.33  -30.34  -30.34  -30.34  -30.34  -30.34 
  81 #   7   6   1   1  :   -37.50  -33.19  -32.53  -32.18  -31.95  -31.78  -31.66  -31.56  -31.47  -31.40  -31.34  -31.29  -31.25  -31.21  -31.17  -31.14  -31.11  -31.08  -31.06  -31.04  -31.02  -31.00  -30.98  -30.97  -30.95  -30.94  -30.92  -30.91  -30.90  -30.89  -30.88  -30.87  -30.86  -30.85  -30.84  -30.83  -30.83  -30.82  -30.81  -30.81  -30.80  -30.79  -30.79  -30.78  -30.78  -30.77  -30.77  -30.76  -30.76  -30.75  -30.75  -30.74  -30.74  -30.74  -30.73  -30.73  -30.72  -30.72  -30.72  -30.71  -30.71  -30.71  -30.71  -30.70  -30.70  -30.70  -30.69  -30.69  -30.69  -30.69  -30.68  -30.68  -30.68  -30.68  -30.68  -30.67  -30.67  -30.67  -30.67  -30.67  -30.66  -30.66  -30.66  -30.66  -30.66  -30.66  -30.66  -30.65  -30.65  -30.65  -30.65  -30.65  -30.65  -30.65  -30.65  -30.64  -30.64  -30.64  -30.64  -30.64 
  82 #   6   7   2   0  :   -29.91  -29.90  -29.91  -29.93  -29.94  -29.96  -29.98  -30.00  -30.01  -30.03  -30.04  -30.06  -30.07  -30.08  -30.09  -30.10  -30.11  -30.12  -30.13  -30.14  -30.15  -30.16  -30.17  -30.17  -30.18  -30.19  -30.19  -30.20  -30.21  -30.21  -30.22  -30.22  -30.23  -30.23  -30.24  -30.24  -30.25  -30.25  -30.25  -30.26  -30.26  -30.26  -30.27  -30.27  -30.28  -30.28  -30.28  -30.29  -30.29  -30.29  -30.29  -30.30  -30.30  -30.30  -30.30  -30.31  -30.31  -30.31  -30.31  -30.32  -30.32  -30.32  -30.32  -30.32  -30.33  -30.33  -30.33  -30.33  -30.33  -30.34  -30.34  -30.34  -30.34  -30.34  -30.34  -30.35  -30.35  -30.35  -30.35  -30.35  -30.35  -30.35  -30.36  -30.36  -30.36  -30.36  -30.36  -30.36  -30.37  -30.37  -30.37  -30.37  -30.37  -30.37  -30.37  -30.38  -30.38  -30.38  -30.38  -30.38 
  83 #   8   4   0   3  :   -30.66  -30.62  -30.66  -30.71  -30.77  -30.83  -30.89  -30.94  -30.99  -31.04  -31.08  -31.12  -31.16  -31.19  -31.23  -31.26  -31.29  -31.31  -31.34  -31.37  -31.39  -31.41  -31.43  -31.45  -31.47  -31.49  -31.51  -31.53  -31.54  -31.56  -31.57  -31.59  -31.60  -31.61  -31.63  -31.64  -31.65  -31.66  -31.67  -31.68  -31.70  -31.71  -31.71  -31.72  -31.73  -31.74  -31.75  -31.76  -31.77  -31.77  -31.78  -31.79  -31.80  -31.80  -31.81  -31.82  -31.82  -31.83  -31.84  -31.84  -31.85  -31.85  -31.86  -31.86  -31.87  -31.87  -31.88  -31.88  -31.89  -31.89  -31.90  -31.90  -31.91  -31.91  -31.92  -31.92  -31.92  -31.93  -31.93  -31.93  -31.94  -31.94  -31.95  -31.95  -31.95  -31.96  -31.96  -31.96  -31.97  -31.97  -31.97  -31.98  -31.98  -31.98  -31.99  -31.99  -31.99  -32.00  -32.00  -32.00 
  84 #   7   5   1   2  :   -39.19  -34.58  -33.93  -33.59  -33.37  -33.22  -33.10  -33.02  -32.95  -32.89  -32.84  -32.80  -32.76  -32.73  -32.70  -32.68  -32.66  -32.64  -32.62  -32.60  -32.59  -32.57  -32.56  -32.55  -32.54  -32.53  -32.52  -32.51  -32.51  -32.50  -32.49  -32.49  -32.48  -32.47  -32.47  -32.46  -32.46  -32.45  -32.45  -32.44  -32.44  -32.44  -32.43  -32.43  -32.43  -32.42  -32.42  -32.42  -32.42  -32.41  -32.41  -32.41  -32.40  -32.40  -32.40  -32.40  -32.40  -32.39  -32.39  -32.39  -32.39  -32.39  -32.39  -32.38  -32.38  -32.38  -32.38  -32.38  -32.38  -32.38  -32.37  -32.37  -32.37  -32.37  -32.37  -32.37  -32.37  -32.37  -32.37  -32.37  -32.36  -32.36  -32.36  -32.36  -32.36  -32.36  -32.36  -32.36  -32.36  -32.36  -32.36  -32.36  -32.36  -32.36  -32.36  -32.36  -32.36  -32.36  -32.36  -32.36 
  85 #   6   6   2   1  :   -39.33  -34.75  -34.09  -33.74  -33.51  -33.35  -33.23  -33.14  -33.06  -33.00  -32.94  -32.90  -32.86  -32.82  -32.79  -32.76  -32.74  -32.72  -32.70  -32.68  -32.66  -32.65  -32.63  -32.62  -32.61  -32.60  -32.58  -32.58  -32.57  -32.56  -32.55  -32.54  -32.53  -32.53  -32.52  -32.51  -32.51  -32.50  -32.50  -32.49  -32.49  -32.48  -32.48  -32.48  -32.47  -32.47  -32.46  -32.46  -32.46  -32.45  -32.45  -32.45  -32.44  -32.44  -32.44  -32.44  -32.43  -32.43  -32.43  -32.43  -32.42  -32.42  -32.42  -32.42  -32.42  -32.41  -32.41  -32.41  -32.41  -32.41  -32.41  -32.40  -32.40  -32.40  -32.40  -32.40  -32.40  -32.40  -32.39  -32.39  -32.39  -32.39  -32.39  -32.39  -32.39  -32.39  -32.39  -32.39  -32.38  -32.38  -32.38  -32.38  -32.38  -32.38  -32.38  -32.38  -32.38  -32.38  -32.38  -32.38 
  86 #   5   7   3   0  :   -31.00  -30.98  -31.02  -31.06  -31.11  -31.15  -31.19  -31.24  -31.27  -31.31  -31.34  -31.38  -31.41  -31.43  -31.46  -31.48  -31.51  -31.53  -31.55  -31.57  -31.59  -31.61  -31.63  -31.64  -31.66  -31.67  -31.69  -31.70  -31.71  -31.72  -31.74  -31.75  -31.76  -31.77  -31.78  -31.79  -31.80  -31.81  -31.82  -31.82  -31.83  -31.84  -31.85  -31.86  -31.86  -31.87  -31.88  -31.88  -31.89  -31.90  -31.90  -31.91  -31.91  -31.92  -31.92  -31.93  -31.93  -31.94  -31.94  -31.95  -31.95  -31.96  -31.96  -31.96  -31.97  -31.97  -31.98  -31.98  -31.98  -31.99  -31.99  -31.99  -32.00  -32.00  -32.00  -32.01  -32.01  -32.01  -32.02  -32.02  -32.02  -32.03  -32.03  -32.03  -32.03  -32.04  -32.04  -32.04  -32.05  -32.05  -32.05  -32.05  -32.06  -32.06  -32.06  -32.06  -32.07  -32.07  -32.07  -32.07 
  87 #   8   3   0   4  :   -30.94  -30.84  -30.91  -31.01  -31.11  -31.22  -31.31  -31.41  -31.49  -31.57  -31.64  -31.71  -31.78  -31.84  -31.89  -31.95  -32.00  -32.04  -32.09  -32.13  -32.17  -32.21  -32.24  -32.28  -32.31  -32.34  -32.37  -32.40  -32.42  -32.45  -32.47  -32.50  -32.52  -32.54  -32.56  -32.58  -32.60  -32.62  -32.64  -32.66  -32.67  -32.69  -32.71  -32.72  -32.74  -32.75  -32.76  -32.78  -32.79  -32.80  -32.81  -32.83  -32.84  -32.85  -32.86  -32.87  -32.88  -32.89  -32.90  -32.91  -32.92  -32.93  -32.94  -32.94  -32.95  -32.96  -32.97  -32.98  -32.98  -32.99  -33.00  -33.00  -33.01  -33.02  -33.02  -33.03  -33.04  -33.04  -33.05  -33.06  -33.06  -33.07  -33.07  -33.08  -33.08  -33.09  -33.09  -33.10  -33.10  -33.11  -33.12  -33.12  -33.12  -33.13  -33.13  -33.14  -33.14  -33.15  -33.15  -33.16 
  88 #   7   4   1   3  :   -39.98  -35.15  -34.52  -34.21  -34.03  -33.91  -33.82  -33.76  -33.71  -33.68  -33.65  -33.63  -33.61  -33.59  -33.58  -33.57  -33.56  -33.55  -33.55  -33.54  -33.54  -33.54  -33.53  -33.53  -33.53  -33.53  -33.52  -33.52  -33.52  -33.52  -33.52  -33.52  -33.52  -33.52  -33.52  -33.52  -33.52  -33.52  -33.52  -33.52  -33.52  -33.52  -33.52  -33.52  -33.52  -33.52  -33.52  -33.52  -33.52  -33.52  -33.52  -33.52  -33.52  -33.52  -33.52  -33.53  -33.53  -33.53  -33.53  -33.53  -33.53  -33.53  -33.53  -33.53  -33.53  -33.53  -33.53  -33.53  -33.53  -33.53  -33.53  -33.53  -33.53  -33.53  -33.53  -33.53  -33.54  -33.54  -33.54  -33.54  -33.54  -33.54  -33.54  -33.54  -33.54  -33.54  -33.54  -33.54  -33.54  -33.54  -33.54  -33.54  -33.54  -33.55  -33.55  -33.55  -33.55  -33.55  -33.55  -33.55 
  89 #   6   5   2   2  :   -41.00  -36.26  -35.57  -35.19  -34.95  -34.78  -34.65  -34.54  -34.46  -34.39  -34.33  -34.28  -34.23  -34.19  -34.16  -34.13  -34.10  -34.08  -34.05  -34.03  -34.02  -34.00  -33.98  -33.97  -33.95  -33.94  -33.93  -33.92  -33.91  -33.90  -33.89  -33.88  -33.87  -33.86  -33.86  -33.85  -33.84  -33.84  -33.83  -33.82  -33.82  -33.81  -33.81  -33.80  -33.80  -33.80  -33.79  -33.79  -33.78  -33.78  -33.78  -33.77  -33.77  -33.77  -33.76  -33.76  -33.76  -33.75  -33.75  -33.75  -33.75  -33.74  -33.74  -33.74  -33.74  -33.73  -33.73  -33.73  -33.73  -33.73  -33.72  -33.72  -33.72  -33.72  -33.72  -33.72  -33.71  -33.71  -33.71  -33.71  -33.71  -33.71  -33.71  -33.71  -33.70  -33.70  -33.70  -33.70  -33.70  -33.70  -33.70  -33.70  -33.70  -33.70  -33.70  -33.70  -33.69  -33.69  -33.69  -33.69 
  90 #   5   6   3   1  :   -40.31  -35.53  -34.88  -34.56  -34.35  -34.22  -34.11  -34.04  -33.98  -33.93  -33.89  -33.86  -33.83  -33.81  -33.79  -33.77  -33.76  -33.74  -33.73  -33.72  -33.71  -33.70  -33.69  -33.69  -33.68  -33.68  -33.67  -33.67  -33.66  -33.66  -33.65  -33.65  -33.65  -33.64  -33.64  -33.64  -33.64  -33.64  -33.63  -33.63  -33.63  -33.63  -33.63  -33.62  -33.62  -33.62  -33.62  -33.62  -33.62  -33.62  -33.62  -33.61  -33.61  -33.61  -33.61  -33.61  -33.61  -33.61  -33.61  -33.61  -33.61  -33.61  -33.61  -33.61  -33.61  -33.61  -33.61  -33.60  -33.60  -33.60  -33.60  -33.60  -33.60  -33.60  -33.60  -33.60  -33.60  -33.60  -33.60  -33.60  -33.60  -33.60  -33.60  -33.60  -33.60  -33.60  -33.60  -33.60  -33.60  -33.60  -33.60  -33.60  -33.60  -33.60  -33.60  -33.60  -33.60  -33.60  -33.60  -33.60 
  91 #   4   7   4   0  :   -31.50  -31.46  -31.52  -31.59  -31.67  -31.75  -31.83  -31.90  -31.96  -32.03  -32.08  -32.14  -32.19  -32.23  -32.28  -32.32  -32.36  -32.40  -32.43  -32.47  -32.50  -32.53  -32.55  -32.58  -32.61  -32.63  -32.65  -32.68  -32.70  -32.72  -32.74  -32.76  -32.77  -32.79  -32.81  -32.82  -32.84  -32.85  -32.87  -32.88  -32.89  -32.91  -32.92  -32.93  -32.94  -32.95  -32.96  -32.97  -32.98  -32.99  -33.00  -33.01  -33.02  -33.03  -33.04  -33.04  -33.05  -33.06  -33.07  -33.07  -33.08  -33.09  -33.09  -33.10  -33.11  -33.11  -33.12  -33.12  -33.13  -33.14  -33.14  -33.15  -33.15  -33.16  -33.16  -33.17  -33.17  -33.18  -33.18  -33.19  -33.19  -33.20  -33.20  -33.20  -33.21  -33.21  -33.22  -33.22  -33.22  -33.23  -33.23  -33.24  -33.24  -33.24  -33.25  -33.25  -33.25  -33.26  -33.26  -33.27 
  92 #   8   2   0   5  :   -30.65  -30.40  -30.51  -30.68  -30.84  -31.00  -31.16  -31.30  -31.43  -31.55  -31.66  -31.77  -31.87  -31.96  -32.04  -32.13  -32.20  -32.27  -32.34  -32.40  -32.46  -32.52  -32.57  -32.62  -32.67  -32.72  -32.76  -32.80  -32.84  -32.88  -32.92  -32.95  -32.99  -33.02  -33.05  -33.08  -33.11  -33.14  -33.16  -33.19  -33.21  -33.24  -33.26  -33.28  -33.30  -33.32  -33.34  -33.36  -33.38  -33.40  -33.42  -33.43  -33.45  -33.47  -33.48  -33.50  -33.51  -33.53  -33.54  -33.55  -33.57  -33.58  -33.59  -33.60  -33.61  -33.63  -33.64  -33.65  -33.66  -33.67  -33.68  -33.69  -33.70  -33.71  -33.72  -33.73  -33.74  -33.74  -33.75  -33.76  -33.77  -33.78  -33.79  -33.79  -33.80  -33.81  -33.82  -33.82  -33.83  -33.84  -33.84  -33.85  -33.86  -33.86  -33.87  -33.88  -33.88  -33.89  -33.90  -33.90 
  93 #   7   3   1   4  :   -40.12  -35.09  -34.50  -34.24  -34.10  -34.02  -33.97  -33.95  -33.93  -33.93  -33.93  -33.93  -33.94  -33.94  -33.95  -33.96  -33.97  -33.98  -33.99  -34.00  -34.01  -34.02  -34.03  -34.04  -34.05  -34.05  -34.06  -34.07  -34.08  -34.09  -34.10  -34.10  -34.11  -34.12  -34.12  -34.13  -34.14  -34.14  -34.15  -34.15  -34.16  -34.17  -34.17  -34.18  -34.18  -34.19  -34.19  -34.20  -34.20  -34.20  -34.21  -34.21  -34.22  -34.22  -34.22  -34.23  -34.23  -34.23  -34.24  -34.24  -34.24  -34.25  -34.25  -34.25  -34.26  -34.26  -34.26  -34.27  -34.27  -34.27  -34.27  -34.28  -34.28  -34.28  -34.28  -34.29  -34.29  -34.29  -34.29  -34.30  -34.30  -34.30  -34.30  -34.30  -34.31  -34.31  -34.31  -34.31  -34.32  -34.32  -34.32  -34.32  -34.32  -34.33  -34.33  -34.33  -34.33  -34.33  -34.34  -34.34 
  94 #   6   4   2   3  :   -41.76  -36.88  -36.19  -35.83  -35.60  -35.43  -35.31  -35.22  -35.14  -35.08  -35.03  -34.99  -34.95  -34.92  -34.89  -34.87  -34.85  -34.83  -34.81  -34.79  -34.78  -34.77  -34.75  -34.74  -34.73  -34.72  -34.71  -34.71  -34.70  -34.69  -34.69  -34.68  -34.67  -34.67  -34.66  -34.66  -34.65  -34.65  -34.65  -34.64  -34.64  -34.64  -34.63  -34.63  -34.63  -34.62  -34.62  -34.62  -34.62  -34.61  -34.61  -34.61  -34.61  -34.60  -34.60  -34.60  -34.60  -34.60  -34.60  -34.59  -34.59  -34.59  -34.59  -34.59  -34.59  -34.59  -34.58  -34.58  -34.58  -34.58  -34.58  -34.58  -34.58  -34.58  -34.58  -34.57  -34.57  -34.57  -34.57  -34.57  -34.57  -34.57  -34.57  -34.57  -34.57  -34.57  -34.57  -34.57  -34.57  -34.57  -34.57  -34.57  -34.57  -34.57  -34.56  -34.56  -34.56  -34.56  -34.56  -34.56 
  95 #   5   5   3   2  :   -41.95  -37.10  -36.40  -36.03  -35.78  -35.61  -35.48  -35.38  -35.30  -35.23  -35.17  -35.13  -35.08  -35.05  -35.01  -34.98  -34.96  -34.94  -34.91  -34.90  -34.88  -34.86  -34.85  -34.83  -34.82  -34.81  -34.80  -34.79  -34.78  -34.77  -34.76  -34.75  -34.75  -34.74  -34.73  -34.73  -34.72  -34.72  -34.71  -34.71  -34.70  -34.70  -34.69  -34.69  -34.68  -34.68  -34.68  -34.67  -34.67  -34.67  -34.66  -34.66  -34.66  -34.65  -34.65  -34.65  -34.65  -34.64  -34.64  -34.64  -34.64  -34.64  -34.63  -34.63  -34.63  -34.63  -34.63  -34.62  -34.62  -34.62  -34.62  -34.62  -34.62  -34.62  -34.61  -34.61  -34.61  -34.61  -34.61  -34.61  -34.61  -34.61  -34.60  -34.60  -34.60  -34.60  -34.60  -34.60  -34.60  -34.60  -34.60  -34.60  -34.60  -34.60  -34.60  -34.60  -34.60  -34.59  -34.59  -34.59 
  96 #   4   6   4   1  :   -40.68  -35.75  -35.13  -34.83  -34.66  -34.55  -34.48  -34.43  -34.39  -34.37  -34.35  -34.33  -34.32  -34.32  -34.31  -34.31  -34.31  -34.31  -34.30  -34.31  -34.31  -34.31  -34.31  -34.31  -34.31  -34.31  -34.32  -34.32  -34.32  -34.32  -34.33  -34.33  -34.33  -34.33  -34.33  -34.34  -34.34  -34.34  -34.34  -34.35  -34.35  -34.35  -34.35  -34.35  -34.36  -34.36  -34.36  -34.36  -34.36  -34.36  -34.37  -34.37  -34.37  -34.37  -34.37  -34.37  -34.38  -34.38  -34.38  -34.38  -34.38  -34.38  -34.38  -34.39  -34.39  -34.39  -34.39  -34.39  -34.39  -34.39  -34.39  -34.40  -34.40  -34.40  -34.40  -34.40  -34.40  -34.40  -34.40  -34.40  -34.41  -34.41  -34.41  -34.41  -34.41  -34.41  -34.41  -34.41  -34.41  -34.42  -34.42  -34.42  -34.42  -34.42  -34.42  -34.42  -34.42  -34.43  -34.43  -34.43 
  97 #   3   7   5   0  :   -31.49  -31.39  -31.48  -31.59  -31.72  -31.84  -31.95  -32.06  -32.16  -32.25  -32.34  -32.42  -32.49  -32.56  -32.63  -32.69  -32.75  -32.81  -32.86  -32.91  -32.95  -33.00  -33.04  -33.08  -33.11  -33.15  -33.18  -33.22  -33.25  -33.28  -33.30  -33.33  -33.36  -33.38  -33.41  -33.43  -33.45  -33.47  -33.49  -33.51  -33.53  -33.55  -33.56  -33.58  -33.60  -33.61  -33.63  -33.64  -33.66  -33.67  -33.68  -33.70  -33.71  -33.72  -33.73  -33.75  -33.76  -33.77  -33.78  -33.79  -33.80  -33.81  -33.82  -33.83  -33.83  -33.84  -33.85  -33.86  -33.87  -33.88  -33.88  -33.89  -33.90  -33.91  -33.91  -33.92  -33.93  -33.93  -33.94  -33.95  -33.95  -33.96  -33.96  -33.97  -33.98  -33.98  -33.99  -33.99  -34.00  -34.00  -34.01  -34.01  -34.02  -34.02  -34.03  -34.03  -34.04  -34.04  -34.05  -34.05 
  98 #   8   1   0   6  :   -29.75  -29.14  -29.33  -29.60  -29.86  -30.11  -30.35  -30.56  -30.76  -30.94  -31.11  -31.26  -31.40  -31.54  -31.66  -31.78  -31.89  -31.99  -32.09  -32.18  -32.27  -32.35  -32.43  -32.50  -32.57  -32.63  -32.70  -32.76  -32.81  -32.87  -32.92  -32.97  -33.02  -33.06  -33.11  -33.15  -33.19  -33.23  -33.26  -33.30  -33.33  -33.37  -33.40  -33.43  -33.46  -33.49  -33.51  -33.54  -33.57  -33.59  -33.62  -33.64  -33.66  -33.68  -33.70  -33.73  -33.75  -33.77  -33.78  -33.80  -33.82  -33.84  -33.86  -33.87  -33.89  -33.90  -33.92  -33.93  -33.95  -33.96  -33.98  -33.99  -34.00  -34.02  -34.03  -34.04  -34.05  -34.07  -34.08  -34.09  -34.10  -34.11  -34.12  -34.13  -34.14  -34.15  -34.16  -34.17  -34.18  -34.19  -34.20  -34.21  -34.22  -34.23  -34.24  -34.24  -34.25  -34.26  -34.27  -34.28 
  99 #   7   2   1   5  :   -39.63  -34.40  -33.86  -33.66  -33.59  -33.57  -33.57  -33.60  -33.63  -33.66  -33.70  -33.73  -33.77  -33.81  -33.84  -33.88  -33.91  -33.94  -33.97  -34.00  -34.03  -34.06  -34.08  -34.11  -34.13  -34.15  -34.18  -34.20  -34.22  -34.24  -34.25  -34.27  -34.29  -34.30  -34.32  -34.34  -34.35  -34.36  -34.38  -34.39  -34.40  -34.41  -34.43  -34.44  -34.45  -34.46  -34.47  -34.48  -34.49  -34.50  -34.51  -34.52  -34.52  -34.53  -34.54  -34.55  -34.56  -34.56  -34.57  -34.58  -34.58  -34.59  -34.60  -34.60  -34.61  -34.62  -34.62  -34.63  -34.63  -34.64  -34.64  -34.65  -34.65  -34.66  -34.66  -34.67  -34.67  -34.68  -34.68  -34.69  -34.69  -34.70  -34.70  -34.70  -34.71  -34.71  -34.72  -34.72  -34.73  -34.73  -34.73  -34.74  -34.74  -34.74  -34.75  -34.75  -34.76  -34.76  -34.76  -34.77 
 100 #   6   3   2   4  :   -41.85  -36.84  -36.16  -35.83  -35.63  -35.49  -35.39  -35.32  -35.27  -35.23  -35.20  -35.17  -35.15  -35.13  -35.12  -35.11  -35.10  -35.09  -35.08  -35.08  -35.07  -35.07  -35.06  -35.06  -35.06  -35.05  -35.05  -35.05  -35.05  -35.05  -35.05  -35.05  -35.05  -35.04  -35.04  -35.04  -35.04  -35.04  -35.04  -35.04  -35.04  -35.04  -35.04  -35.04  -35.04  -35.04  -35.04  -35.04  -35.04  -35.04  -35.04  -35.04  -35.04  -35.04  -35.05  -35.05  -35.05  -35.05  -35.05  -35.05  -35.05  -35.05  -35.05  -35.05  -35.05  -35.05  -35.05  -35.05  -35.05  -35.05  -35.05  -35.05  -35.05  -35.05  -35.05  -35.05  -35.05  -35.05  -35.05  -35.05  -35.05  -35.05  -35.06  -35.06  -35.06  -35.06  -35.06  -35.06  -35.06  -35.06  -35.06  -35.06  -35.06  -35.06  -35.06  -35.06  -35.06  -35.06  -35.07  -35.07 
 101 #   5   4   3   3  :   -42.68  -37.77  -37.05  -36.67  -36.42  -36.24  -36.11  -36.01  -35.92  -35.85  -35.79  -35.74  -35.70  -35.66  -35.62  -35.59  -35.57  -35.54  -35.52  -35.50  -35.48  -35.47  -35.45  -35.44  -35.43  -35.41  -35.40  -35.39  -35.38  -35.37  -35.36  -35.36  -35.35  -35.34  -35.33  -35.33  -35.32  -35.32  -35.31  -35.31  -35.30  -35.30  -35.29  -35.29  -35.28  -35.28  -35.27  -35.27  -35.27  -35.26  -35.26  -35.26  -35.25  -35.25  -35.25  -35.25  -35.24  -35.24  -35.24  -35.24  -35.23  -35.23  -35.23  -35.23  -35.23  -35.22  -35.22  -35.22  -35.22  -35.22  -35.21  -35.21  -35.21  -35.21  -35.21  -35.21  -35.21  -35.20  -35.20  -35.20  -35.20  -35.20  -35.20  -35.20  -35.20  -35.20  -35.20  -35.19  -35.19  -35.19  -35.19  -35.19  -35.19  -35.19  -35.19  -35.19  -35.19  -35.19  -35.19  -35.19 
 102 #   4   5   4   2  :   -42.29  -37.34  -36.65  -36.29  -36.06  -35.90  -35.79  -35.70  -35.63  -35.57  -35.52  -35.48  -35.45  -35.42  -35.40  -35.38  -35.36  -35.34  -35.32  -35.31  -35.30  -35.29  -35.28  -35.27  -35.26  -35.25  -35.25  -35.24  -35.23  -35.23  -35.22  -35.22  -35.21  -35.21  -35.20  -35.20  -35.20  -35.19  -35.19  -35.19  -35.19  -35.18  -35.18  -35.18  -35.18  -35.17  -35.17  -35.17  -35.17  -35.17  -35.16  -35.16  -35.16  -35.16  -35.16  -35.16  -35.16  -35.15  -35.15  -35.15  -35.15  -35.15  -35.15  -35.15  -35.15  -35.15  -35.15  -35.14  -35.14  -35.14  -35.14  -35.14  -35.14  -35.14  -35.14  -35.14  -35.14  -35.14  -35.14  -35.14  -35.14  -35.14  -35.13  -35.13  -35.13  -35.13  -35.13  -35.13  -35.13  -35.13  -35.13  -35.13  -35.13  -35.13  -35.13  -35.13  -35.13  -35.13  -35.13  -35.13 
 103 #   3   6   5   1  :   -40.53  -35.44  -34.86  -34.60  -34.48  -34.41  -34.37  -34.35  -34.35  -34.35  -34.36  -34.37  -34.38  -34.39  -34.41  -34.42  -34.44  -34.45  -34.46  -34.48  -34.49  -34.51  -34.52  -34.53  -34.54  -34.56  -34.57  -34.58  -34.59  -34.60  -34.61  -34.62  -34.63  -34.64  -34.64  -34.65  -34.66  -34.67  -34.68  -34.68  -34.69  -34.70  -34.70  -34.71  -34.72  -34.72  -34.73  -34.73  -34.74  -34.74  -34.75  -34.75  -34.76  -34.76  -34.77  -34.77  -34.78  -34.78  -34.78  -34.79  -34.79  -34.80  -34.80  -34.80  -34.81  -34.81  -34.81  -34.82  -34.82  -34.82  -34.83  -34.83  -34.83  -34.84  -34.84  -34.84  -34.84  -34.85  -34.85  -34.85  -34.86  -34.86  -34.86  -34.86  -34.87  -34.87  -34.87  -34.87  -34.88  -34.88  -34.88  -34.88  -34.89  -34.89  -34.89  -34.89  -34.89  -34.90  -34.90  -34.90 
 104 #   2   7   6   0  :   -30.98  -30.73  -30.85  -31.03  -31.21  -31.38  -31.55  -31.71  -31.85  -31.98  -32.11  -32.22  -32.33  -32.43  -32.52  -32.61  -32.69  -32.77  -32.84  -32.91  -32.98  -33.04  -33.09  -33.15  -33.20  -33.25  -33.30  -33.34  -33.39  -33.43  -33.47  -33.50  -33.54  -33.57  -33.61  -33.64  -33.67  -33.70  -33.72  -33.75  -33.77  -33.80  -33.82  -33.85  -33.87  -33.89  -33.91  -33.93  -33.95  -33.97  -33.99  -34.00  -34.02  -34.04  -34.05  -34.07  -34.08  -34.10  -34.11  -34.13  -34.14  -34.15  -34.17  -34.18  -34.19  -34.20  -34.21  -34.22  -34.24  -34.25  -34.26  -34.27  -34.28  -34.29  -34.30  -34.31  -34.31  -34.32  -34.33  -34.34  -34.35  -34.36  -34.36  -34.37  -34.38  -34.39  -34.40  -34.40  -34.41  -34.42  -34.42  -34.43  -34.44  -34.45  -34.45  -34.46  -34.46  -34.47  -34.48  -34.48 
 105 #   8   0   0   7  :   -24.93  -25.93  -26.68  -27.29  -27.80  -28.24  -28.62  -28.96  -29.27  -29.55  -29.80  -30.03  -30.25  -30.44  -30.63  -30.80  -30.96  -31.11  -31.25  -31.38  -31.50  -31.62  -31.73  -31.83  -31.93  -32.02  -32.11  -32.20  -32.28  -32.35  -32.42  -32.49  -32.56  -32.62  -32.68  -32.74  -32.80  -32.85  -32.90  -32.95  -33.00  -33.05  -33.09  -33.13  -33.17  -33.21  -33.25  -33.29  -33.32  -33.36  -33.39  -33.42  -33.45  -33.48  -33.51  -33.54  -33.57  -33.60  -33.62  -33.65  -33.67  -33.70  -33.72  -33.74  -33.76  -33.79  -33.81  -33.83  -33.85  -33.87  -33.88  -33.90  -33.92  -33.94  -33.96  -33.97  -33.99  -34.00  -34.02  -34.04  -34.05  -34.06  -34.08  -34.09  -34.11  -34.12  -34.13  -34.15  -34.16  -34.17  -34.19  -34.20  -34.21  -34.22  -34.23  -34.24  -34.26  -34.27  -34.28  -34.29 
 106 #   7   1   1   6  :   -38.31  -32.88  -32.45  -32.36  -32.38  -32.45  -32.53  -32.63  -32.72  -32.81  -32.90  -32.98  -33.07  -33.14  -33.22  -33.28  -33.35  -33.41  -33.47  -33.53  -33.58  -33.63  -33.68  -33.72  -33.76  -33.81  -33.84  -33.88  -33.92  -33.95  -33.98  -34.01  -34.04  -34.07  -34.10  -34.13  -34.15  -34.18  -34.20  -34.22  -34.24  -34.26  -34.28  -34.30  -34.32  -34.34  -34.36  -34.37  -34.39  -34.41  -34.42  -34.44  -34.45  -34.46  -34.48  -34.49  -34.50  -34.52  -34.53  -34.54  -34.55  -34.56  -34.57  -34.58  -34.59  -34.60  -34.61  -34.62  -34.63  -34.64  -34.65  -34.66  -34.67  -34.68  -34.68  -34.69  -34.70  -34.71  -34.72  -34.72  -34.73  -34.74  -34.74  -34.75  -34.76  -34.76  -34.77  -34.78  -34.78  -34.79  -34.80  -34.80  -34.81  -34.81  -34.82  -34.82  -34.83  -34.84  -34.84  -34.85 
 107 #   6   2   2   5  :   -41.27  -36.13  -35.50  -35.21  -35.05  -34.96  -34.91  -34.88  -34.86  -34.85  -34.84  -34.85  -34.85  -34.85  -34.86  -34.87  -34.88  -34.89  -34.90  -34.90  -34.91  -34.92  -34.93  -34.94  -34.95  -34.96  -34.97  -34.97  -34.98  -34.99  -35.00  -35.00  -35.01  -35.02  -35.02  -35.03  -35.04  -35.04  -35.05  -35.05  -35.06  -35.06  -35.07  -35.07  -35.08  -35.08  -35.09  -35.09  -35.09  -35.10  -35.10  -35.11  -35.11  -35.11  -35.12  -35.12  -35.12  -35.13  -35.13  -35.13  -35.14  -35.14  -35.14  -35.15  -35.15  -35.15  -35.15  -35.16  -35.16  -35.16  -35.17  -35.17  -35.17  -35.17  -35.17  -35.18  -35.18  -35.18  -35.18  -35.19  -35.19  -35.19  -35.19  -35.19  -35.20  -35.20  -35.20  -35.20  -35.20  -35.21  -35.21  -35.21  -35.21  -35.21  -35.22  -35.22  -35.22  -35.22  -35.22  -35.23 
 108 #   5   3   3   4  :   -42.72  -37.74  -37.03  -36.67  -36.43  -36.27  -36.15  -36.05  -35.98  -35.92  -35.87  -35.83  -35.79  -35.76  -35.73  -35.71  -35.69  -35.67  -35.65  -35.64  -35.63  -35.61  -35.60  -35.59  -35.58  -35.57  -35.57  -35.56  -35.55  -35.55  -35.54  -35.53  -35.53  -35.52  -35.52  -35.52  -35.51  -35.51  -35.50  -35.50  -35.50  -35.49  -35.49  -35.49  -35.49  -35.48  -35.48  -35.48  -35.48  -35.47  -35.47  -35.47  -35.47  -35.47  -35.46  -35.46  -35.46  -35.46  -35.46  -35.46  -35.46  -35.45  -35.45  -35.45  -35.45  -35.45  -35.45  -35.45  -35.45  -35.45  -35.44  -35.44  -35.44  -35.44  -35.44  -35.44  -35.44  -35.44  -35.44  -35.44  -35.44  -35.44  -35.44  -35.44  -35.43  -35.43  -35.43  -35.43  -35.43  -35.43  -35.43  -35.43  -35.43  -35.43  -35.43  -35.43  -35.43  -35.43  -35.43  -35.43 
 109 #   4   4   4   3  :   -42.98  -38.03  -37.31  -36.93  -36.68  -36.51  -36.38  -36.27  -36.19  -36.12  -36.06  -36.01  -35.96  -35.93  -35.89  -35.87  -35.84  -35.82  -35.79  -35.77  -35.76  -35.74  -35.73  -35.71  -35.70  -35.69  -35.68  -35.67  -35.66  -35.65  -35.64  -35.63  -35.63  -35.62  -35.61  -35.61  -35.60  -35.59  -35.59  -35.58  -35.58  -35.57  -35.57  -35.57  -35.56  -35.56  -35.55  -35.55  -35.55  -35.54  -35.54  -35.54  -35.54  -35.53  -35.53  -35.53  -35.52  -35.52  -35.52  -35.52  -35.52  -35.51  -35.51  -35.51  -35.51  -35.51  -35.50  -35.50  -35.50  -35.50  -35.50  -35.50  -35.49  -35.49  -35.49  -35.49  -35.49  -35.49  -35.49  -35.48  -35.48  -35.48  -35.48  -35.48  -35.48  -35.48  -35.48  -35.48  -35.48  -35.48  -35.48  -35.47  -35.47  -35.47  -35.47  -35.47  -35.47  -35.47  -35.47  -35.47 
 110 #   3   5   5   2  :   -42.08  -37.04  -36.36  -36.03  -35.83  -35.70  -35.61  -35.54  -35.49  -35.45  -35.42  -35.40  -35.38  -35.36  -35.35  -35.34  -35.33  -35.33  -35.32  -35.32  -35.31  -35.31  -35.31  -35.31  -35.31  -35.30  -35.30  -35.30  -35.30  -35.30  -35.30  -35.30  -35.30  -35.30  -35.30  -35.30  -35.30  -35.30  -35.30  -35.30  -35.30  -35.31  -35.31  -35.31  -35.31  -35.31  -35.31  -35.31  -35.31  -35.31  -35.31  -35.31  -35.31  -35.31  -35.31  -35.31  -35.31  -35.31  -35.32  -35.32  -35.32  -35.32  -35.32  -35.32  -35.32  -35.32  -35.32  -35.32  -35.32  -35.32  -35.32  -35.32  -35.32  -35.32  -35.32  -35.33  -35.33  -35.33  -35.33  -35.33  -35.33  -35.33  -35.33  -35.33  -35.33  -35.33  -35.33  -35.33  -35.33  -35.33  -35.33  -35.34  -35.34  -35.34  -35.34  -35.34  -35.34  -35.34  -35.34  -35.34 
 111 #   2   6   6   1  :   -39.81  -34.56  -34.02  -33.83  -33.76  -33.75  -33.76  -33.79  -33.82  -33.86  -33.90  -33.94  -33.98  -34.02  -34.06  -34.10  -34.14  -34.17  -34.21  -34.24  -34.27  -34.30  -34.32  -34.35  -34.38  -34.40  -34.42  -34.45  -34.47  -34.49  -34.51  -34.52  -34.54  -34.56  -34.58  -34.59  -34.61  -34.62  -34.64  -34.65  -34.66  -34.68  -34.69  -34.70  -34.71  -34.72  -34.73  -34.74  -34.75  -34.76  -34.77  -34.78  -34.79  -34.80  -34.81  -34.82  -34.82  -34.83  -34.84  -34.85  -34.85  -34.86  -34.87  -34.87  -34.88  -34.89  -34.89  -34.90  -34.91  -34.91  -34.92  -34.92  -34.93  -34.93  -34.94  -34.94  -34.95  -34.95  -34.96  -34.96  -34.97  -34.97  -34.98  -34.98  -34.98  -34.99  -34.99  -35.00  -35.00  -35.00  -35.01  -35.01  -35.02  -35.02  -35.02  -35.03  -35.03  -35.04  -35.04  -35.04 
 112 #   1   7   7   0  :   -29.90  -29.29  -29.49  -29.76  -30.04  -30.30  -30.54  -30.76  -30.96  -31.15  -31.33  -31.49  -31.64  -31.78  -31.91  -32.03  -32.14  -32.25  -32.35  -32.44  -32.53  -32.62  -32.70  -32.77  -32.84  -32.91  -32.97  -33.04  -33.09  -33.15  -33.20  -33.25  -33.30  -33.35  -33.39  -33.43  -33.47  -33.51  -33.55  -33.59  -33.62  -33.65  -33.69  -33.72  -33.75  -33.78  -33.80  -33.83  -33.86  -33.88  -33.91  -33.93  -33.95  -33.97  -34.00  -34.02  -34.04  -34.06  -34.08  -34.09  -34.11  -34.13  -34.15  -34.16  -34.18  -34.19  -34.21  -34.22  -34.24  -34.25  -34.27  -34.28  -34.29  -34.31  -34.32  -34.33  -34.34  -34.36  -34.37  -34.38  -34.39  -34.40  -34.41  -34.42  -34.43  -34.44  -34.45  -34.46  -34.47  -34.48  -34.49  -34.50  -34.51  -34.52  -34.53  -34.53  -34.54  -34.55  -34.56  -34.57 
